episode,av_g_reward,av_legit_traffic,av_total_load
0,0.40500612824376364,0.40500612824376364,170.12237809875654
1,0.44675109286356252,0.44675109286356252,203.87621379707309
2,0.46250340467202677,0.46250340467202677,206.69398218255083
3,0.4725156919907082,0.4725156919907082,209.3601514696683
4,0.45440974990882649,0.45440974990882649,203.03177929493515
5,0.47661694039723568,0.47661694039723568,214.03665358939332
6,0.46146088800997598,0.46146088800997598,207.97437114381228
7,0.45645322152812673,0.45645322152812673,217.47928112504877
8,0.46104476371536346,0.46104476371536346,221.27401877199387
9,0.46859299241141494,0.46859299241141494,231.59161319692339
10,0.47372933429644143,0.47372933429644143,232.9513016171756
11,0.45340861749907219,0.45340861749907219,225.7905058535558
12,0.45894502695500095,0.45894502695500095,241.94109194517355
13,0.45170994003719961,0.45170994003719961,234.17582692828432
14,0.45660492413346743,0.45660492413346743,239.79876090463534
15,0.46290717981204577,0.46290717981204577,247.10790104379302
16,0.44343768482134466,0.44343768482134466,241.5679531800337
17,0.44131928326930281,0.44131928326930281,251.51554163245436
18,0.44336516873588538,0.44336516873588538,250.88618754955147
19,0.44622353680193988,0.44622353680193988,255.75883686641322
20,0.43327800692605828,0.43327800692605828,253.59092918220836
21,0.45703411594879623,0.45703411594879623,257.86141112174204
22,0.45118406385259852,0.45118406385259852,259.9374778892564
23,0.45726890413095955,0.45726890413095955,257.68867803545743
24,0.45223650165958007,0.45223650165958007,259.10260112184591
25,0.42544745069618467,0.42544745069618467,247.18276208204702
26,0.45035944197675704,0.45035944197675704,262.43610377347852
27,0.43602684577103118,0.43602684577103118,246.7307520969986
28,0.44355182358379547,0.44355182358379547,256.92358299761122
29,0.4400003660237391,0.4400003660237391,258.78896925949323
30,0.43889064027215008,0.43889064027215008,262.50015683996571
31,0.4535081003453712,0.4535081003453712,269.85269675334655
32,0.44019065438967919,0.44019065438967919,264.48526509414671
33,0.45138655302092917,0.45138655302092917,267.18685951403029
34,0.44864687173149403,0.44864687173149403,266.83020954113385
35,0.45869446219472731,0.45869446219472731,274.27664592603992
36,0.45737043014228967,0.45737043014228967,274.17302963056352
37,0.45610385916372326,0.45610385916372326,274.655911511743
38,0.46498180674971418,0.46498180674971418,271.87471845681034
39,0.439944575022155,0.439944575022155,260.09126176455914
40,0.46069657528326813,0.46069657528326813,273.03300721636413
41,0.45981329612977334,0.45981329612977334,275.20398969434791
42,0.45484012694534248,0.45484012694534248,268.52473992872581
43,0.4599547931801487,0.4599547931801487,268.70785293761054
44,0.46316201889729625,0.46316201889729625,272.04471357672293
45,0.46162513841501152,0.46162513841501152,269.47537347479295
46,0.45770259599769519,0.45770259599769519,266.57720761963537
47,0.46608481948310632,0.46608481948310632,274.78575412498492
48,0.4759963610779015,0.4759963610779015,275.57255899936411
49,0.46263788805484951,0.46263788805484951,268.04373424052062
50,0.46242900319777347,0.46242900319777347,272.51776835414699
51,0.46273958416362848,0.46273958416362848,272.58530492376701
52,0.45531716834710539,0.45531716834710539,263.78230821766107
53,0.45250062427018384,0.45250062427018384,262.66427367508811
54,0.43769352563225228,0.43769352563225228,256.65429815002693
55,0.44697410240831825,0.44697410240831825,265.4954148380657
56,0.42790432296955877,0.42790432296955877,251.71836494979189
57,0.43165833112965019,0.43165833112965019,253.41254566343551
58,0.43091389870809305,0.43091389870809305,257.97502027822725
59,0.44756431769017785,0.44756431769017785,263.26799103171209
60,0.43415433671499803,0.43415433671499803,251.0853163573573
61,0.43960066900535349,0.43960066900535349,259.5956746043521
62,0.40252290456822698,0.40252290456822698,236.01578143084006
63,0.42423835270703247,0.42423835270703247,250.77977288742323
64,0.42850188113833554,0.42850188113833554,252.10997664863663
65,0.42923536438919746,0.42923536438919746,250.48756779062529
66,0.42142213188227479,0.42142213188227479,244.54118873250619
67,0.41427556726465664,0.41427556726465664,239.36464249836118
68,0.4237310746646214,0.4237310746646214,250.07524243091012
69,0.39077785045629299,0.39077785045629299,231.69983775386982
70,0.42757456064403865,0.42757456064403865,250.73718877994412
71,0.40309081637873917,0.40309081637873917,232.65568979424629
72,0.40042720987165248,0.40042720987165248,237.22329526834579
73,0.39566647431261504,0.39566647431261504,237.75061817955839
74,0.40430051489380892,0.40430051489380892,243.02657867488952
75,0.39359660381716383,0.39359660381716383,240.33458374954407
76,0.40107102427980912,0.40107102427980912,237.29652379226391
77,0.37650697982718284,0.37650697982718284,229.87758781958959
78,0.39511498246793125,0.39511498246793125,238.67932779988595
79,0.39435431165246609,0.39435431165246609,237.97025307843654
80,0.38464245887077358,0.38464245887077358,226.86386014417735
81,0.38847081050867871,0.38847081050867871,230.18461990156499
82,0.39879403529394181,0.39879403529394181,234.23565007340818
83,0.40345155945415262,0.40345155945415262,236.96812704399935
84,0.38686661258827526,0.38686661258827526,223.80111488339853
85,0.40745003468687885,0.40745003468687885,233.31200960687312
86,0.41159256828900814,0.41159256828900814,237.07263047565351
87,0.40400579431887984,0.40400579431887984,243.91187958258826
88,0.39748475965578067,0.39748475965578067,239.4267536181751
89,0.38374025006824947,0.38374025006824947,229.3389607727112
90,0.38759731901317096,0.38759731901317096,231.93964828383278
91,0.40372565785742986,0.40372565785742986,245.4299490883779
92,0.3912988554444326,0.3912988554444326,238.21425030803121
93,0.39906178780994539,0.39906178780994539,242.09591379292874
94,0.4102265397171152,0.4102265397171152,245.39943425902484
95,0.39833136894242632,0.39833136894242632,245.05057587877818
96,0.41809294878701886,0.41809294878701886,247.72189384090953
97,0.41656187038698728,0.41656187038698728,255.74084092270132
98,0.40314369472838252,0.40314369472838252,239.82981722405262
99,0.41702554059860786,0.41702554059860786,255.55272816337703
100,0.39611205314808984,0.39611205314808984,231.40926142589197
101,0.39447620845947318,0.39447620845947318,239.11230820059035
102,0.41610569957298421,0.41610569957298421,256.50839021137909
103,0.40858803942039479,0.40858803942039479,253.01242275352419
104,0.39432237438232531,0.39432237438232531,242.44039719103125
105,0.40696154277932972,0.40696154277932972,247.57247990408996
106,0.415521378918217,0.415521378918217,254.48171472166095
107,0.42290735250925549,0.42290735250925549,254.6704656469413
108,0.40910408079361033,0.40910408079361033,249.51130642131565
109,0.40928311384537369,0.40928311384537369,249.24392990084442
110,0.40861790076445281,0.40861790076445281,251.06817708217218
111,0.411187125869939,0.411187125869939,249.9437535653226
112,0.41254399249298962,0.41254399249298962,251.37176521567557
113,0.41317902231114079,0.41317902231114079,252.15379903966905
114,0.41227384598242683,0.41227384598242683,250.34197596181275
115,0.41481184495746293,0.41481184495746293,255.94932283872859
116,0.41154977657102815,0.41154977657102815,253.21276475314912
117,0.39859620429515624,0.39859620429515624,244.88063133658835
118,0.41871213858932999,0.41871213858932999,256.07807234772366
119,0.4076964134011235,0.4076964134011235,253.16873871318495
120,0.40193694054258755,0.40193694054258755,250.93225952269478
121,0.39633917541478281,0.39633917541478281,248.80901553727389
122,0.38954184323661001,0.38954184323661001,242.95174074708444
123,0.39615152254018315,0.39615152254018315,251.42506385981923
124,0.38701889490287728,0.38701889490287728,245.67710137797303
125,0.38788035174495467,0.38788035174495467,247.57992833922845
126,0.40519350085701189,0.40519350085701189,252.23405864323482
127,0.3967625556756556,0.3967625556756556,248.21899021429218
128,0.40987738688600767,0.40987738688600767,253.12948622204931
129,0.38311636897764945,0.38311636897764945,238.66963874091479
130,0.39946445095212196,0.39946445095212196,246.01849435067911
131,0.39883555740719373,0.39883555740719373,247.55554447540581
132,0.40033325721696311,0.40033325721696311,248.31622857777975
133,0.40561223731547125,0.40561223731547125,250.22762950414443
134,0.39202289258488615,0.39202289258488615,241.74003311544874
135,0.39957224150286963,0.39957224150286963,247.41689000751967
136,0.39093271367189281,0.39093271367189281,243.12431625577725
137,0.38741059248755488,0.38741059248755488,243.12263646257458
138,0.40417709952597713,0.40417709952597713,249.47383008252163
139,0.38342685595219067,0.38342685595219067,240.17721411165635
140,0.38506354287080113,0.38506354287080113,244.67481763399172
141,0.39421206067737413,0.39421206067737413,245.12130420515305
142,0.38847090916227017,0.38847090916227017,243.30312550995714
143,0.3891957429789531,0.3891957429789531,240.66492281486597
144,0.39054327721183801,0.39054327721183801,241.43962248545213
145,0.3843455895895026,0.3843455895895026,237.59229243992755
146,0.38402932687948232,0.38402932687948232,237.3161900259685
147,0.39824866060142006,0.39824866060142006,247.44332899813898
148,0.37660422998275428,0.37660422998275428,237.12529097464403
149,0.37545801149350577,0.37545801149350577,239.51983705127668
150,0.37655271767706805,0.37655271767706805,237.70048361601022
151,0.38886388005226996,0.38886388005226996,238.7837440474903
152,0.38886212071809734,0.38886212071809734,233.59466703624622
153,0.3830294282970042,0.3830294282970042,230.33603693812302
154,0.38659232786396147,0.38659232786396147,231.7746365851994
155,0.39061849759567446,0.39061849759567446,236.15198547413715
156,0.38331056326649737,0.38331056326649737,232.38141118829526
157,0.38495819208224979,0.38495819208224979,233.70423138592082
158,0.38577056524671177,0.38577056524671177,231.39300516997309
159,0.3881969748436343,0.3881969748436343,235.52053604530747
160,0.38207348730712326,0.38207348730712326,233.67898407478569
161,0.37743642598923771,0.37743642598923771,234.17384982886946
162,0.37055265451765834,0.37055265451765834,231.81911753008711
163,0.3736301541669147,0.3736301541669147,237.65216964294495
164,0.36296433766092506,0.36296433766092506,231.92520920444045
165,0.36035297027590507,0.36035297027590507,233.85103240352547
166,0.35521800375863355,0.35521800375863355,234.21618355962337
167,0.36574818312342045,0.36574818312342045,237.81049232709887
168,0.37682866136184684,0.37682866136184684,244.49441762980845
169,0.37562742114162234,0.37562742114162234,240.94885669908621
170,0.36310833663576936,0.36310833663576936,234.17477166482269
171,0.37086245506962884,0.37086245506962884,242.39945930772456
172,0.3591570668790881,0.3591570668790881,232.4323328062716
173,0.37207700239568964,0.37207700239568964,240.89056476460732
174,0.37308119855692173,0.37308119855692173,238.19161688717423
175,0.36355702725664435,0.36355702725664435,233.17908443371942
176,0.37921485372397024,0.37921485372397024,243.6298357477248
177,0.36029139218478751,0.36029139218478751,229.82363023994699
178,0.37070611999817549,0.37070611999817549,235.06389370272149
179,0.37534360650987975,0.37534360650987975,241.58326215120888
180,0.37342015819923402,0.37342015819923402,236.24661309138475
181,0.37110420927428606,0.37110420927428606,236.66491994502979
182,0.3699860946761776,0.3699860946761776,237.6769832654376
183,0.35968448776002843,0.35968448776002843,229.75499544575169
184,0.38174758461816549,0.38174758461816549,238.4165660935023
185,0.37166788386868277,0.37166788386868277,238.22945120660901
186,0.36472487924976849,0.36472487924976849,235.44266894176855
187,0.36418219158259568,0.36418219158259568,237.65924792525203
188,0.36445573550248117,0.36445573550248117,233.51533550918825
189,0.36123290024527821,0.36123290024527821,229.79208629883942
190,0.35862077321667662,0.35862077321667662,234.9343087081329
191,0.37126121084620339,0.37126121084620339,240.64893111123297
192,0.36351698951290512,0.36351698951290512,234.81698653494951
193,0.37095907157005048,0.37095907157005048,239.14213073703232
194,0.3608420464406793,0.3608420464406793,235.5276595477664
195,0.37256510442371055,0.37256510442371055,239.40530836148167
196,0.37509468254910655,0.37509468254910655,241.08990912579483
197,0.36633763352157578,0.36633763352157578,234.8550821221053
198,0.36414961435397369,0.36414961435397369,236.16215126221203
199,0.36827803819340221,0.36827803819340221,237.92226213891803
200,0.3728198533551747,0.3728198533551747,238.85236513052649
201,0.3684557206548067,0.3684557206548067,235.39692574095139
202,0.37043279866147144,0.37043279866147144,238.48045858021138
203,0.35701979620002477,0.35701979620002477,230.40871873504707
204,0.36987230059237775,0.36987230059237775,234.91914329274763
205,0.36041711709583119,0.36041711709583119,231.6061052472773
206,0.36013110945032512,0.36013110945032512,227.97221456574943
207,0.36183757345900774,0.36183757345900774,230.20485598964024
208,0.35823438253509887,0.35823438253509887,229.0926616568031
209,0.35736192814438467,0.35736192814438467,231.13975089581399
210,0.36323673020841707,0.36323673020841707,234.01778041006528
211,0.35754019641974399,0.35754019641974399,229.79166130322204
212,0.3521729104216354,0.3521729104216354,219.88523864431369
213,0.35282760406903574,0.35282760406903574,222.00681104812912
214,0.35057251481036694,0.35057251481036694,223.90544242913592
215,0.36131229789404906,0.36131229789404906,226.38398163621386
216,0.35672317732165965,0.35672317732165965,228.46475973597376
217,0.3530364695624898,0.3530364695624898,230.82544228145616
218,0.37131995524695754,0.37131995524695754,239.7358451518293
219,0.35262127297141604,0.35262127297141604,230.60340547704777
220,0.35183541179881783,0.35183541179881783,229.35406207160972
221,0.35782130137618517,0.35782130137618517,230.066028892324
222,0.36219725483068965,0.36219725483068965,231.69921601908791
223,0.3616594784285177,0.3616594784285177,234.61271633157313
224,0.3582125994039061,0.3582125994039061,229.38417067523511
225,0.35835729856693316,0.35835729856693316,226.90969370788616
226,0.36422734658046274,0.36422734658046274,229.95821066617799
227,0.36094844550268201,0.36094844550268201,230.82837353755153
228,0.36553060408702387,0.36553060408702387,234.72040892082686
229,0.36886772406859236,0.36886772406859236,237.39414900520819
230,0.35867829871268941,0.35867829871268941,233.38145693100736
231,0.37088112078820384,0.37088112078820384,239.21847926243589
232,0.37089362780471113,0.37089362780471113,240.11387583140413
233,0.36542302412456629,0.36542302412456629,233.74405622191836
234,0.36847857935220446,0.36847857935220446,232.21454001535798
235,0.37012998330649305,0.37012998330649305,235.81960775083508
236,0.36273862409606189,0.36273862409606189,235.05587911406769
237,0.37563637307251646,0.37563637307251646,239.25779849399223
238,0.36271133786076748,0.36271133786076748,230.54308131111958
239,0.37005620947394025,0.37005620947394025,239.7246347511979
240,0.37867995048796083,0.37867995048796083,238.30199292299721
241,0.37822728160295693,0.37822728160295693,231.26652616082143
242,0.38136111835755937,0.38136111835755937,230.18923182400266
243,0.38562513649009938,0.38562513649009938,228.60779862991345
244,0.3915975233409999,0.3915975233409999,231.76442370413028
245,0.38602367648966723,0.38602367648966723,227.79014925824686
246,0.38059035639056199,0.38059035639056199,232.28175135821024
247,0.38687239943684848,0.38687239943684848,237.42784462715935
248,0.37769667899887743,0.37769667899887743,228.69151667484857
249,0.39897240833349895,0.39897240833349895,242.52862625413641
250,0.37760753060972085,0.37760753060972085,235.62026806291743
251,0.3730385578493926,0.3730385578493926,232.57446957572103
252,0.3870650077699993,0.3870650077699993,241.05673679001561
253,0.35982337790169883,0.35982337790169883,223.86231603526986
254,0.37265772780351253,0.37265772780351253,234.83080292612607
255,0.35592563453619736,0.35592563453619736,226.07609156197373
256,0.37797873367656776,0.37797873367656776,235.96449269357657
257,0.35943067788201738,0.35943067788201738,225.74692695894782
258,0.36845339130651178,0.36845339130651178,232.84080601814057
259,0.37459545669022765,0.37459545669022765,236.94345298699508
260,0.37802725419203204,0.37802725419203204,236.69203067171253
261,0.37932344444043947,0.37932344444043947,237.61866610124372
262,0.36547620421290938,0.36547620421290938,227.41124693619605
263,0.3762592246640592,0.3762592246640592,232.82129303189626
264,0.36753009709639228,0.36753009709639228,229.57105505068722
265,0.36455268793179668,0.36455268793179668,230.18975890295232
266,0.38398827210897318,0.38398827210897318,241.45499325442165
267,0.38210688099452733,0.38210688099452733,239.17682409725853
268,0.38377048567630523,0.38377048567630523,240.09055724784372
269,0.37354512773383786,0.37354512773383786,236.18174262044585
270,0.37039021080841023,0.37039021080841023,234.01379210331302
271,0.37622548258138161,0.37622548258138161,239.19372076745123
272,0.3685016517161539,0.3685016517161539,236.45611587605995
273,0.3668211031986226,0.3668211031986226,240.59468056171914
274,0.35901071164645887,0.35901071164645887,232.11709659060844
275,0.37029620343452063,0.37029620343452063,236.99353545260391
276,0.37037009176041619,0.37037009176041619,233.50203589923726
277,0.38026014152871623,0.38026014152871623,239.99855191056281
278,0.3777672659591792,0.3777672659591792,236.69538559938945
279,0.38098547980002262,0.38098547980002262,240.59404301515156
280,0.36862098681513433,0.36862098681513433,234.56966633858775
281,0.37957265873829393,0.37957265873829393,234.41279352927003
282,0.37536479943685375,0.37536479943685375,235.47345613608053
283,0.38733348844278176,0.38733348844278176,239.40533008270663
284,0.36558134699550526,0.36558134699550526,227.04631894054123
285,0.37808158758068161,0.37808158758068161,234.10054891000931
286,0.35448633066609536,0.35448633066609536,221.19504000510142
287,0.38520118766063971,0.38520118766063971,234.9231753915752
288,0.37614206222920737,0.37614206222920737,228.1169039090409
289,0.38750378497944094,0.38750378497944094,233.0052242783072
290,0.39414052931237065,0.39414052931237065,237.62439711383436
291,0.37820146060942095,0.37820146060942095,231.05962410392129
292,0.36942279893270147,0.36942279893270147,225.11412527965339
293,0.39679971759066113,0.39679971759066113,236.24008873164249
294,0.39108708034181716,0.39108708034181716,234.90393310671183
295,0.38094239506729255,0.38094239506729255,236.6842212390126
296,0.38116177191091477,0.38116177191091477,228.83226491011547
297,0.37997254429927113,0.37997254429927113,230.87837644940046
298,0.37327480757860093,0.37327480757860093,222.12621386826748
299,0.3878256527595435,0.3878256527595435,229.04190008147401
300,0.39105379866076923,0.39105379866076923,234.00282062419197
301,0.38290913071188565,0.38290913071188565,230.80727327980429
302,0.38645640436353457,0.38645640436353457,233.41569091666224
303,0.38161465233200548,0.38161465233200548,229.43785933506493
304,0.38053793283295334,0.38053793283295334,227.91777144482921
305,0.37376667197136643,0.37376667197136643,229.50620311927096
306,0.36616893505683945,0.36616893505683945,226.54910924574096
307,0.37655157672180189,0.37655157672180189,232.42597414607411
308,0.37733865121679266,0.37733865121679266,228.85401888967118
309,0.37691922530176369,0.37691922530176369,233.65902780661409
310,0.37489435419224754,0.37489435419224754,233.44388493319374
311,0.37077131978672223,0.37077131978672223,236.82568872127672
312,0.36831680972690767,0.36831680972690767,237.42724383302698
313,0.36545907298744662,0.36545907298744662,237.61956867220064
314,0.36913577693665134,0.36913577693665134,240.34761880752268
315,0.37051173853874814,0.37051173853874814,240.31515778942079
316,0.37446656917661414,0.37446656917661414,239.33705684099391
317,0.38916563632887652,0.38916563632887652,243.50998821178609
318,0.37189844631667263,0.37189844631667263,235.9191130240221
319,0.36165700576210769,0.36165700576210769,231.26436566092138
320,0.38367234986828508,0.38367234986828508,241.24355254726007
321,0.36729600431605303,0.36729600431605303,233.56339041649699
322,0.37994420641340143,0.37994420641340143,238.33237785297007
323,0.38012421810796754,0.38012421810796754,239.40734908809108
324,0.36624497941290024,0.36624497941290024,227.06852990681654
325,0.37413250668339076,0.37413250668339076,238.56619536510408
326,0.36680393872601841,0.36680393872601841,231.59451807813099
327,0.36946780776992022,0.36946780776992022,237.07070737191452
328,0.37421260110848775,0.37421260110848775,238.78338285774652
329,0.36442890739922706,0.36442890739922706,232.66927852942609
330,0.37624639401392102,0.37624639401392102,238.98686002801765
331,0.37470654133362347,0.37470654133362347,239.44792857807221
332,0.37673691586322883,0.37673691586322883,237.69610414589107
333,0.38106674643529787,0.38106674643529787,237.46058157322008
334,0.38864167423901375,0.38864167423901375,240.60002385145782
335,0.3925201272989467,0.3925201272989467,243.75258641388149
336,0.37559102374146675,0.37559102374146675,236.13406434698112
337,0.38942786187655348,0.38942786187655348,241.34085130162461
338,0.38836164728406747,0.38836164728406747,238.83920142440479
339,0.39427845071875528,0.39427845071875528,246.12989978321895
340,0.38281894192989474,0.38281894192989474,240.8267733566432
341,0.39428520055881505,0.39428520055881505,243.64088744272368
342,0.38011285268273898,0.38011285268273898,239.95046858254824
343,0.38691939013170557,0.38691939013170557,242.01969686759693
344,0.38393569434803843,0.38393569434803843,241.25209043105798
345,0.39384168997628127,0.39384168997628127,244.08294391218587
346,0.38974909273622421,0.38974909273622421,244.05280114039357
347,0.38979460605958016,0.38979460605958016,241.55023277749859
348,0.38018910417244156,0.38018910417244156,234.67676823982021
349,0.38665781658328274,0.38665781658328274,240.56994984129233
350,0.38727433969635788,0.38727433969635788,239.2820138953611
351,0.38030761167795268,0.38030761167795268,240.73223742666579
352,0.37730076074205715,0.37730076074205715,236.76030609654308
353,0.38723840923230635,0.38723840923230635,241.11736167699465
354,0.38699511563444,0.38699511563444,235.48924554333243
355,0.39394881015499644,0.39394881015499644,242.71258083896464
356,0.39124241074872679,0.39124241074872679,244.12057923101497
357,0.39985724072861756,0.39985724072861756,245.1016585265084
358,0.39633816278307343,0.39633816278307343,240.99727126760908
359,0.40111928230685329,0.40111928230685329,246.29565081220167
360,0.39180297228152938,0.39180297228152938,242.7554795294281
361,0.41073875803925552,0.41073875803925552,244.5877367078173
362,0.4234357899911031,0.4234357899911031,249.92407862911386
363,0.40245523712497422,0.40245523712497422,239.68269818872363
364,0.40270849495855277,0.40270849495855277,242.95641230170341
365,0.40142484154012648,0.40142484154012648,244.33082164622959
366,0.39579838791882122,0.39579838791882122,243.98483554522312
367,0.40243191859709482,0.40243191859709482,245.52543053842754
368,0.39996785520084582,0.39996785520084582,244.34156371956459
369,0.39870484527407685,0.39870484527407685,243.1627309723589
370,0.38424358383004553,0.38424358383004553,241.46269007981491
371,0.38460788324012829,0.38460788324012829,234.22878194110589
372,0.39189971427913478,0.39189971427913478,240.71670444359196
373,0.40175672613651142,0.40175672613651142,243.40382102059866
374,0.40484517342378423,0.40484517342378423,243.73508917468558
375,0.40886095258293098,0.40886095258293098,244.98049644467187
376,0.40092617615247095,0.40092617615247095,242.02188489703448
377,0.40529608147346019,0.40529608147346019,244.44901686802456
378,0.40594399964910977,0.40594399964910977,245.21743055865494
379,0.4097808376347814,0.4097808376347814,246.695271904413
380,0.41261131906376425,0.41261131906376425,245.7866765997515
381,0.40108027360780485,0.40108027360780485,246.70977487892895
382,0.39744191921423766,0.39744191921423766,243.32685865090269
383,0.39756671081873729,0.39756671081873729,243.58807075613828
384,0.40230009789224941,0.40230009789224941,246.89167813931812
385,0.39242665248358033,0.39242665248358033,236.96280506738452
386,0.40512545195709865,0.40512545195709865,242.90632111384713
387,0.40630446155003019,0.40630446155003019,243.16091584029465
388,0.40794290922503895,0.40794290922503895,243.48544454124831
389,0.40695198133378074,0.40695198133378074,241.83194506194204
390,0.39598545637133598,0.39598545637133598,241.83261976165994
391,0.39815460739460395,0.39815460739460395,243.51992204946663
392,0.38954114457636441,0.38954114457636441,237.28841227886861
393,0.41014245661042181,0.41014245661042181,246.43737094151888
394,0.40176977146082288,0.40176977146082288,240.28112313923702
395,0.40617407557124219,0.40617407557124219,243.04513195512345
396,0.40658224188517156,0.40658224188517156,241.34107409625366
397,0.40939928811656812,0.40939928811656812,244.60968440764236
398,0.40108885984326192,0.40108885984326192,241.06669855461359
399,0.39654059819678278,0.39654059819678278,239.80889864505554
400,0.40760745357608574,0.40760745357608574,242.61276158335181
401,0.41132128747773117,0.41132128747773117,246.04066003182737
402,0.40513727619256129,0.40513727619256129,243.00458877218483
403,0.4028974729442184,0.4028974729442184,241.89757171551864
404,0.4011982846993713,0.4011982846993713,240.56265934022608
405,0.40765586136582038,0.40765586136582038,242.94393119848715
406,0.39585258943041712,0.39585258943041712,239.27483887299962
407,0.39925351248792318,0.39925351248792318,243.82507519896359
408,0.39050030969575983,0.39050030969575983,236.25804127046587
409,0.40034346027467943,0.40034346027467943,243.23189054409144
410,0.40038322001136056,0.40038322001136056,243.37372899589414
411,0.40616300786992382,0.40616300786992382,248.16633671106865
412,0.38383529462420374,0.38383529462420374,236.035671524474
413,0.40682503948620052,0.40682503948620052,248.81268928497653
414,0.40602873137208456,0.40602873137208456,245.72630307315248
415,0.40484810396875259,0.40484810396875259,246.20088808222945
416,0.40522956998444981,0.40522956998444981,246.2436947066069
417,0.39342260404854973,0.39342260404854973,242.79512050034822
418,0.40224176562559,0.40224176562559,244.12857289076729
419,0.39789132315918774,0.39789132315918774,242.42384606977004
420,0.39545674722897584,0.39545674722897584,239.30315596711733
421,0.40514340281136985,0.40514340281136985,244.13184437061145
422,0.39807903476896089,0.39807903476896089,240.12665528166136
423,0.40799456311285837,0.40799456311285837,244.88893459925424
424,0.4134375039697688,0.4134375039697688,246.60702093645219
425,0.41604020148756848,0.41604020148756848,244.95010485089469
426,0.41407919550171224,0.41407919550171224,249.745280621115
427,0.41908882985072571,0.41908882985072571,251.09912878610197
428,0.41826420119840862,0.41826420119840862,247.22015959455248
429,0.40855842985725799,0.40855842985725799,243.7286745927955
430,0.4116297933578707,0.4116297933578707,245.53266889397324
431,0.41052962558383738,0.41052962558383738,245.86621307877462
432,0.41106135507011621,0.41106135507011621,248.59417606829544
433,0.40391077505291195,0.40391077505291195,242.38861531038083
434,0.39916347613772146,0.39916347613772146,243.27106122479844
435,0.40795020840545992,0.40795020840545992,246.23347917559326
436,0.4083509138157364,0.4083509138157364,244.72641429185714
437,0.4039072307086623,0.4039072307086623,245.36859831297798
438,0.40744647220194163,0.40744647220194163,245.93877389716098
439,0.40539964374412396,0.40539964374412396,247.20380193954398
440,0.39948699556503758,0.39948699556503758,240.78420726523646
441,0.40413967935985129,0.40413967935985129,246.58255320710205
442,0.39967876479991599,0.39967876479991599,243.51974379118056
443,0.38871931253971015,0.38871931253971015,238.65658621888846
444,0.40146587490244307,0.40146587490244307,243.87246077758942
445,0.40826887506622872,0.40826887506622872,246.12918224873943
446,0.41545548554909278,0.41545548554909278,249.13003235936043
447,0.40883492829111978,0.40883492829111978,244.38578169499914
448,0.42273835999678183,0.42273835999678183,249.81709875745952
449,0.40989605966705056,0.40989605966705056,243.40146888652802
450,0.41280884910880566,0.41280884910880566,243.64627432780986
451,0.42018498647272073,0.42018498647272073,249.01569121800998
452,0.41669811972680193,0.41669811972680193,244.32261453356742
453,0.42120584292227747,0.42120584292227747,248.21698533652861
454,0.42164446943850403,0.42164446943850403,248.32245677515749
455,0.41537531642796888,0.41537531642796888,247.35700712321017
456,0.41260639331550325,0.41260639331550325,244.53009238619387
457,0.40871412881433589,0.40871412881433589,243.85839159815197
458,0.41620492036875351,0.41620492036875351,244.65303212766858
459,0.41770481947079102,0.41770481947079102,246.63823853654009
460,0.41718017329235674,0.41718017329235674,245.39181878769196
461,0.42208212491120145,0.42208212491120145,248.33333255829476
462,0.42325381703421572,0.42325381703421572,249.44690234773307
463,0.42321074604898651,0.42321074604898651,244.33507251412371
464,0.40201760960657229,0.40201760960657229,238.78159912413577
465,0.41916845601870528,0.41916845601870528,247.3472437620722
466,0.43478503723687983,0.43478503723687983,249.44077804850014
467,0.4335790004593757,0.4335790004593757,254.94463416444654
468,0.42939391135641242,0.42939391135641242,251.83466993546222
469,0.42426273382911689,0.42426273382911689,248.23803405704734
470,0.43706222023944158,0.43706222023944158,251.03913521492646
471,0.43729395829884365,0.43729395829884365,256.2990801365541
472,0.44336332863923922,0.44336332863923922,254.98481340940893
473,0.44420831303181452,0.44420831303181452,250.76693247918016
474,0.45569313652497812,0.45569313652497812,252.55430907337896
475,0.44559930157313205,0.44559930157313205,249.85199270904747
476,0.45915060579718447,0.45915060579718447,259.02354851941789
477,0.44271111105595357,0.44271111105595357,252.27394790780326
478,0.43194023062763859,0.43194023062763859,248.1136404999279
479,0.45422020014421272,0.45422020014421272,258.58723146763464
480,0.43926137571729579,0.43926137571729579,249.41367143133667
481,0.44041227158235358,0.44041227158235358,251.26925674344025
482,0.45172708091717145,0.45172708091717145,257.16577114689591
483,0.44671030631950287,0.44671030631950287,252.67421684801357
484,0.44097117347696352,0.44097117347696352,253.93443722761714
485,0.45486386979421783,0.45486386979421783,258.12234540782782
486,0.44273632615309733,0.44273632615309733,257.27399298381829
487,0.4403229193207901,0.4403229193207901,255.80368749734566
488,0.44486688059892321,0.44486688059892321,253.65982682989701
489,0.4429085620211568,0.4429085620211568,252.24311671560491
490,0.44963862527213355,0.44963862527213355,255.99412060455603
491,0.45213682766681434,0.45213682766681434,254.33608579278453
492,0.44606804390133548,0.44606804390133548,253.82240399807287
493,0.44766174925651808,0.44766174925651808,257.68410483090923
494,0.45640056332841727,0.45640056332841727,259.29663051287798
495,0.44808005278958529,0.44808005278958529,258.10434677336787
496,0.44788339115324421,0.44788339115324421,256.9662812911464
497,0.44327136046380422,0.44327136046380422,249.23386393453183
498,0.44665679798088742,0.44665679798088742,252.89578315128151
499,0.44334247685948014,0.44334247685948014,250.53963659562902
500,0.43760567718567067,0.43760567718567067,251.68700375654595
501,0.44811385400693915,0.44811385400693915,259.21637489742318
502,0.44827010664364408,0.44827010664364408,255.99800744628516
503,0.44482300830265614,0.44482300830265614,255.15845381357963
504,0.44805026550183663,0.44805026550183663,260.28144973692554
505,0.4488602534406807,0.4488602534406807,259.06336756109147
506,0.44582603633929158,0.44582603633929158,256.63033630141609
507,0.44917215063366978,0.44917215063366978,257.1713069247063
508,0.45786487181434099,0.45786487181434099,260.70474127231029
509,0.44591141339160706,0.44591141339160706,255.35483008958764
510,0.44326678206661452,0.44326678206661452,253.72630692048088
511,0.45917044542086166,0.45917044542086166,262.44053835148554
512,0.45833118825380248,0.45833118825380248,262.43234064978844
513,0.45393759501981423,0.45393759501981423,259.44098328963696
514,0.45020308115087415,0.45020308115087415,258.31854749857973
515,0.46509473440160248,0.46509473440160248,261.7174838123608
516,0.46091423765602241,0.46091423765602241,255.50068898616377
517,0.46324536145948186,0.46324536145948186,260.38573143775932
518,0.45059509558360789,0.45059509558360789,257.63666196856047
519,0.45282312504157946,0.45282312504157946,258.55754020226414
520,0.44627796915904894,0.44627796915904894,257.14360241670101
521,0.45132654628123381,0.45132654628123381,259.125082291524
522,0.44704588338268547,0.44704588338268547,257.14138402413602
523,0.44189111920479912,0.44189111920479912,256.06243069321937
524,0.44303599535767024,0.44303599535767024,259.60158803942556
525,0.44637782284016314,0.44637782284016314,258.31358378193204
526,0.44155423072390898,0.44155423072390898,258.74822984044209
527,0.44590405187319576,0.44590405187319576,260.40542310348769
528,0.44993828056199253,0.44993828056199253,261.36400892623612
529,0.45630582859786745,0.45630582859786745,263.07076924678523
530,0.43953103240372215,0.43953103240372215,255.14099484685704
531,0.45353363626576737,0.45353363626576737,258.82659375991182
532,0.45488712562977041,0.45488712562977041,261.78270215088577
533,0.45267814139238477,0.45267814139238477,261.90080991354233
534,0.45136725030795322,0.45136725030795322,261.38053493484017
535,0.4528068609422905,0.4528068609422905,260.94675528713384
536,0.45487912919800283,0.45487912919800283,263.97032889428436
537,0.46578400748506449,0.46578400748506449,261.94437007179266
538,0.46150233600026597,0.46150233600026597,261.07517093606339
539,0.46769236598428032,0.46769236598428032,265.39528698897846
540,0.46094691564772472,0.46094691564772472,260.41592881276472
541,0.47212305438500157,0.47212305438500157,265.64315569366306
542,0.45955239969992084,0.45955239969992084,261.4465605736512
543,0.46150621542775488,0.46150621542775488,261.39796585459152
544,0.46193900343869654,0.46193900343869654,261.19664475375396
545,0.46465348070271162,0.46465348070271162,267.89327373426806
546,0.45873949925472407,0.45873949925472407,262.2372896362333
547,0.45831034317847752,0.45831034317847752,261.3530332900794
548,0.45347946677351059,0.45347946677351059,259.60395375692735
549,0.45610259619805715,0.45610259619805715,262.13086394689083
550,0.45506372235707299,0.45506372235707299,262.42689397298489
551,0.44561094482239855,0.44561094482239855,260.40089250624959
552,0.44606622579987132,0.44606622579987132,261.0977215059869
553,0.44991297268816693,0.44991297268816693,260.31974160077237
554,0.44737472979874199,0.44737472979874199,259.89120044263854
555,0.44299548207801404,0.44299548207801404,257.70433044219783
556,0.44112007410895898,0.44112007410895898,254.17628348813736
557,0.4425273979866754,0.4425273979866754,258.18549178536688
558,0.45846808102880676,0.45846808102880676,265.32012596304713
559,0.43913293238024059,0.43913293238024059,256.16341501082013
560,0.45069720272991454,0.45069720272991454,260.46914613608101
561,0.45100489584640913,0.45100489584640913,262.66886072066399
562,0.46158464903771224,0.46158464903771224,267.40029677365783
563,0.45809362477353044,0.45809362477353044,263.14560107884802
564,0.45585359312676871,0.45585359312676871,263.62550690047652
565,0.45428378266262204,0.45428378266262204,266.47013677252255
566,0.44675079690127439,0.44675079690127439,260.84455870196228
567,0.44834474051455908,0.44834474051455908,261.35521138135033
568,0.45087625878788751,0.45087625878788751,263.98107150707324
569,0.44600764852090469,0.44600764852090469,267.35732310789763
570,0.43731477903899696,0.43731477903899696,260.87353865736594
571,0.43809276876921766,0.43809276876921766,261.15748108533876
572,0.43297052534933511,0.43297052534933511,259.61807424130251
573,0.44049348564722707,0.44049348564722707,260.27328436237269
574,0.45138197966416227,0.45138197966416227,263.81489833281341
575,0.43210017964773184,0.43210017964773184,251.05117738106074
576,0.45559154678731434,0.45559154678731434,264.30517785668195
577,0.45577605522559156,0.45577605522559156,262.86343918752419
578,0.45445743871729666,0.45445743871729666,262.47311514801731
579,0.45969977103465498,0.45969977103465498,266.85783493482302
580,0.44823495281478776,0.44823495281478776,259.24827378361567
581,0.45222702190132802,0.45222702190132802,262.42287760606132
582,0.44026560382287461,0.44026560382287461,256.28803987661229
583,0.45791752252845203,0.45791752252845203,265.95287615328624
584,0.44523261650388235,0.44523261650388235,259.64062692024038
585,0.45278160914171101,0.45278160914171101,265.60800888355618
586,0.45428042207579028,0.45428042207579028,264.2772176346727
587,0.44531621404902139,0.44531621404902139,258.26380697214188
588,0.46077127872622148,0.46077127872622148,265.84105671582375
589,0.45716526958048548,0.45716526958048548,264.67932660677417
590,0.45713016213407032,0.45713016213407032,261.70789230938061
591,0.4525144412831047,0.4525144412831047,257.71864178655352
592,0.45600509553110707,0.45600509553110707,257.89917821754437
593,0.46778333491543816,0.46778333491543816,264.9879802351353
594,0.45480311177306482,0.45480311177306482,259.8722955884989
595,0.45650244860579764,0.45650244860579764,258.97615862830179
596,0.46879214677040543,0.46879214677040543,264.57244878510585
597,0.46491754134707747,0.46491754134707747,262.99977013369579
598,0.45066879652384512,0.45066879652384512,255.84483113229194
599,0.4531167501431822,0.4531167501431822,261.132447451166
600,0.4532416221570304,0.4532416221570304,260.91524200250041
601,0.45905738510018745,0.45905738510018745,263.04399815649873
602,0.45884404465374579,0.45884404465374579,260.76838178921895
603,0.45245190342141683,0.45245190342141683,259.14521763589062
604,0.44757505604321457,0.44757505604321457,255.75377708567871
605,0.44810621304184267,0.44810621304184267,259.42175476139295
606,0.4450909253967531,0.4450909253967531,257.20361363654848
607,0.44901809300171092,0.44901809300171092,258.82958239594336
608,0.44611695410110191,0.44611695410110191,259.81222349916277
609,0.4587411549277719,0.4587411549277719,264.68786611067549
610,0.45315686493762647,0.45315686493762647,260.80181443762319
611,0.44788448169842604,0.44788448169842604,259.31747400182002
612,0.44723686990861228,0.44723686990861228,257.71929583144691
613,0.45118227416415602,0.45118227416415602,262.71484500368399
614,0.44563285552988552,0.44563285552988552,257.64477187202328
615,0.4616699035031967,0.4616699035031967,265.04692363611554
616,0.45235251958843514,0.45235251958843514,261.93089584631696
617,0.44795033158753067,0.44795033158753067,257.57554638956736
618,0.4514196665803108,0.4514196665803108,261.50032435308333
619,0.44111385898375055,0.44111385898375055,255.16835325704218
620,0.45777958408771308,0.45777958408771308,265.17039217833837
621,0.43882319479167614,0.43882319479167614,253.52741019248191
622,0.4505504425836821,0.4505504425836821,258.64929276515591
623,0.45976075029233321,0.45976075029233321,264.51475398697414
624,0.45109407812039548,0.45109407812039548,259.60516295939232
625,0.45294081188197988,0.45294081188197988,258.7761653374389
626,0.4576955368733322,0.4576955368733322,261.66368268272845
627,0.45846613174013007,0.45846613174013007,264.01375949999129
628,0.43740272036120481,0.43740272036120481,255.98644603438024
629,0.45561773110909093,0.45561773110909093,260.93897639830328
630,0.45460690620140004,0.45460690620140004,261.67476496667075
631,0.44999244836631885,0.44999244836631885,260.73065113998462
632,0.44508109284990932,0.44508109284990932,259.467660163689
633,0.45137004430025335,0.45137004430025335,263.96735424064974
634,0.45346795198554102,0.45346795198554102,261.72871417832368
635,0.45183996228948403,0.45183996228948403,259.8431078374727
636,0.45552413737863562,0.45552413737863562,263.4618272300105
637,0.4489716637824358,0.4489716637824358,259.47903314804176
638,0.45590174682974743,0.45590174682974743,256.57920020092428
639,0.44851951257811856,0.44851951257811856,259.0466663230917
640,0.45602102020141844,0.45602102020141844,259.46434962116012
641,0.45502779186935777,0.45502779186935777,255.38971651501416
642,0.46613492727180567,0.46613492727180567,262.92008638339394
643,0.45343584360019007,0.45343584360019007,260.07872004213641
644,0.44917071624835431,0.44917071624835431,258.17772670508185
645,0.45144344519764046,0.45144344519764046,263.09794801985623
646,0.43554191790655483,0.43554191790655483,256.50376284975584
647,0.45905547305651984,0.45905547305651984,266.31160017413811
648,0.44995810949034498,0.44995810949034498,261.33727270245669
649,0.44809253844702823,0.44809253844702823,262.6956670388355
650,0.45715721555259731,0.45715721555259731,266.14966669935268
651,0.4522664201835136,0.4522664201835136,265.01460948896886
652,0.43443040314102344,0.43443040314102344,254.27626348877715
653,0.45051486303173605,0.45051486303173605,260.34664553782687
654,0.451810045793413,0.451810045793413,263.89896968249724
655,0.44842292910948622,0.44842292910948622,263.06031641366036
656,0.4418672220716543,0.4418672220716543,257.87703802147115
657,0.43471683669550254,0.43471683669550254,255.40090619795151
658,0.44897170596433267,0.44897170596433267,257.49632532651049
659,0.44841862897545148,0.44841862897545148,261.96988266613226
660,0.44375287638709376,0.44375287638709376,260.49424658052192
661,0.45621882009141562,0.45621882009141562,257.85700914641433
662,0.46140919910860079,0.46140919910860079,264.1997737895814
663,0.460065501379119,0.460065501379119,260.8696363400835
664,0.46060363929742476,0.46060363929742476,265.86471452568577
665,0.44655819919707956,0.44655819919707956,257.19143992475676
666,0.4673381863473437,0.4673381863473437,269.05091083479806
667,0.45143810796532369,0.45143810796532369,262.02951598473464
668,0.44840513193223097,0.44840513193223097,260.60214694759816
669,0.46344951017505387,0.46344951017505387,266.56998361571243
670,0.4637283147591032,0.4637283147591032,265.34279115723655
671,0.46661173231100361,0.46661173231100361,266.20288697211947
672,0.45569239382716586,0.45569239382716586,260.78173756959421
673,0.43955275305169783,0.43955275305169783,254.74202738334012
674,0.4662024030498782,0.4662024030498782,265.63640314926249
675,0.45987815197272985,0.45987815197272985,264.88340889589728
676,0.44428320474339333,0.44428320474339333,257.4363224105806
677,0.45231922276503217,0.45231922276503217,265.77913261570609
678,0.44568596558178442,0.44568596558178442,262.36522041234656
679,0.44260379532239746,0.44260379532239746,260.38920293712971
680,0.45150435586152338,0.45150435586152338,263.35974733923598
681,0.45760902206938792,0.45760902206938792,267.25610770265797
682,0.44587550872850235,0.44587550872850235,258.77763168308837
683,0.45055969200263252,0.45055969200263252,261.79562904909602
684,0.44899041661739902,0.44899041661739902,266.26608267477474
685,0.45550059298749473,0.45550059298749473,266.3418661018959
686,0.45108924346873797,0.45108924346873797,260.78290000799086
687,0.45079070967441337,0.45079070967441337,262.638764462859
688,0.44816050335274149,0.44816050335274149,262.48322988624687
689,0.44627147281232105,0.44627147281232105,257.29626480268547
690,0.43948593147607085,0.43948593147607085,256.688775840772
691,0.45039339388325805,0.45039339388325805,260.5160510739201
692,0.44406179917132815,0.44406179917132815,255.93949447680149
693,0.45280321755867681,0.45280321755867681,259.43274395760034
694,0.45671390720838245,0.45671390720838245,264.97446284738487
695,0.45740184777007042,0.45740184777007042,263.22047432489387
696,0.44959739758431538,0.44959739758431538,257.29218423876455
697,0.44062097901119168,0.44062097901119168,253.90140098834073
698,0.44938136882362317,0.44938136882362317,259.429171884646
699,0.44369906448538998,0.44369906448538998,260.70752869937166
700,0.42263381729741517,0.42263381729741517,248.40613280934676
701,0.43465562699929272,0.43465562699929272,255.12124708944339
702,0.43640854351655989,0.43640854351655989,255.00024005231793
703,0.44030037447889514,0.44030037447889514,257.12195201508251
704,0.43149059791470068,0.43149059791470068,253.47143344911828
705,0.45226020882694201,0.45226020882694201,261.01534928402896
706,0.45420241070447653,0.45420241070447653,261.99112663892123
707,0.45014410284957496,0.45014410284957496,259.67572353346594
708,0.45515448359363242,0.45515448359363242,261.63802969886473
709,0.44608888833762339,0.44608888833762339,255.5612682669917
710,0.44784788351411819,0.44784788351411819,260.41442190440046
711,0.45012654035364746,0.45012654035364746,259.52014052766754
712,0.43931123013972739,0.43931123013972739,254.17156555515606
713,0.44591110848802762,0.44591110848802762,258.17641347335757
714,0.44591092243520203,0.44591092243520203,258.14768865825204
715,0.44137766287700686,0.44137766287700686,255.83101176470618
716,0.44164923650129795,0.44164923650129795,253.33167202489875
717,0.44946576199552934,0.44946576199552934,255.92368303004213
718,0.45533168042777411,0.45533168042777411,258.70744802182435
719,0.45789053276075753,0.45789053276075753,259.28644596900313
720,0.45497496379865171,0.45497496379865171,261.57041538961369
721,0.4458099352844071,0.4458099352844071,255.2705655200231
722,0.45526891212939447,0.45526891212939447,260.40168364228134
723,0.44730613539256547,0.44730613539256547,254.83882865838814
724,0.44107938576288241,0.44107938576288241,252.74359958592564
725,0.45307979474986376,0.45307979474986376,257.65753585168096
726,0.4463110538015741,0.4463110538015741,256.94085715642518
727,0.43962415404674227,0.43962415404674227,254.09909656855581
728,0.45350168629716148,0.45350168629716148,259.22374313704438
729,0.45392573396036956,0.45392573396036956,259.222822827257
730,0.44683749761881125,0.44683749761881125,257.07789894291295
731,0.45030214079062836,0.45030214079062836,256.40689388702128
732,0.44758675384621494,0.44758675384621494,253.87749274030739
733,0.45338053107775772,0.45338053107775772,258.67827567948285
734,0.44900467653945952,0.44900467653945952,254.47608880521884
735,0.45923428818991141,0.45923428818991141,260.74747700970039
736,0.45174967565241075,0.45174967565241075,254.9138832262619
737,0.45054757267758266,0.45054757267758266,259.51243195474933
738,0.45543207396690943,0.45543207396690943,256.55285190383313
739,0.45388183834498841,0.45388183834498841,257.37009422273678
740,0.45785824476057879,0.45785824476057879,256.14878411538609
741,0.46197039407040447,0.46197039407040447,260.41203901676738
742,0.45537137583407566,0.45537137583407566,258.63966575032248
743,0.46491543171252692,0.46491543171252692,264.19080901804762
744,0.45673586025460067,0.45673586025460067,258.45158249359008
745,0.4585893679161866,0.4585893679161866,259.4775555191901
746,0.46011638956603046,0.46011638956603046,259.74320508100311
747,0.44880673908986302,0.44880673908986302,254.55023960852537
748,0.45012155710055168,0.45012155710055168,258.25431394523571
749,0.44158681101521874,0.44158681101521874,252.50563639427401
750,0.4574173875012903,0.4574173875012903,260.00517793628876
751,0.447724622841008,0.447724622841008,255.33161697588739
752,0.45852551800545605,0.45852551800545605,257.0016650315734
753,0.45620797606952745,0.45620797606952745,257.91312412052338
754,0.44925808393114791,0.44925808393114791,254.76509496111868
755,0.46082235461564985,0.46082235461564985,257.78068550672691
756,0.45698968921548211,0.45698968921548211,258.63786079036902
757,0.46256626359031844,0.46256626359031844,263.52433052056278
758,0.4539498702999743,0.4539498702999743,258.34737169851678
759,0.46836711875936166,0.46836711875936166,262.43449260744353
760,0.45975953545654846,0.45975953545654846,257.42504343994665
761,0.44890461031438134,0.44890461031438134,253.96772665352304
762,0.44787420408808876,0.44787420408808876,255.06282188208283
763,0.4600718734861492,0.4600718734861492,260.76771621092752
764,0.46036816167354316,0.46036816167354316,257.74759801638777
765,0.45580386643763438,0.45580386643763438,256.04699410987888
766,0.45502158280820437,0.45502158280820437,256.77341177686873
767,0.45822932838635844,0.45822932838635844,257.38247144515424
768,0.46770295486958674,0.46770295486958674,261.86787687703679
769,0.46567689029777409,0.46567689029777409,260.65985089297061
770,0.46530202560759787,0.46530202560759787,257.01046677511528
771,0.45771595460442888,0.45771595460442888,254.66970146447005
772,0.45674639227223846,0.45674639227223846,255.56827858803226
773,0.46686495257152166,0.46686495257152166,262.17331856898113
774,0.46610537911824856,0.46610537911824856,261.35090153206272
775,0.46017150137062685,0.46017150137062685,255.69833178355557
776,0.46798028359053989,0.46798028359053989,259.81770589555003
777,0.47221824740664387,0.47221824740664387,265.94149755287901
778,0.4783908229716145,0.4783908229716145,264.65741270929209
779,0.46999131655224557,0.46999131655224557,263.96719576025964
780,0.47277581353268588,0.47277581353268588,265.8479271320877
781,0.46646683519210691,0.46646683519210691,261.68230916603648
782,0.4746247160327276,0.4746247160327276,260.9972500757936
783,0.46869889940945325,0.46869889940945325,263.89107486689983
784,0.45265308295091444,0.45265308295091444,254.37896071136089
785,0.47286510430918982,0.47286510430918982,261.02080613778992
786,0.46653739651099402,0.46653739651099402,262.90463292503574
787,0.46318029491888568,0.46318029491888568,260.70752646167182
788,0.46340303054211296,0.46340303054211296,261.76882757134308
789,0.46843377318414509,0.46843377318414509,263.25524717951112
790,0.45774695172011093,0.45774695172011093,259.38069984533371
791,0.4580201558839696,0.4580201558839696,260.97699854039467
792,0.45481928860575893,0.45481928860575893,256.21175656763381
793,0.45461937733384533,0.45461937733384533,258.74065096821226
794,0.45510676923902871,0.45510676923902871,259.16205826336557
795,0.45097709052987589,0.45097709052987589,259.64184362056386
796,0.45483362545822104,0.45483362545822104,260.25662847252215
797,0.46010515438784783,0.46010515438784783,259.94370709441324
798,0.46434921959686637,0.46434921959686637,260.04900809708437
799,0.45981726267655609,0.45981726267655609,262.05634235249391
800,0.46279691171267806,0.46279691171267806,258.53036066789974
801,0.46186094338929518,0.46186094338929518,260.36755258921431
802,0.46843123098559325,0.46843123098559325,264.04547087268907
803,0.47118383179386625,0.47118383179386625,263.9414487827479
804,0.46746256512119533,0.46746256512119533,262.08963692471332
805,0.4630607373047716,0.4630607373047716,262.1919227204545
806,0.45889829378254088,0.45889829378254088,259.16161043789651
807,0.46194506096041577,0.46194506096041577,259.8977003839081
808,0.46953590338564383,0.46953590338564383,267.63783859468924
809,0.45968053243478718,0.45968053243478718,260.78221879689369
810,0.46474971790619879,0.46474971790619879,260.76564260884004
811,0.46451211400307618,0.46451211400307618,262.13508792106421
812,0.45410767758931458,0.45410767758931458,260.59366268479891
813,0.46333065182832056,0.46333065182832056,262.36220457801693
814,0.46538755443140395,0.46538755443140395,261.26332640839104
815,0.4638394509946468,0.4638394509946468,261.87051899049112
816,0.4692505771918879,0.4692505771918879,265.70805224644107
817,0.45281428396335788,0.45281428396335788,259.99543130083822
818,0.45891870717628819,0.45891870717628819,259.3744250169517
819,0.46246423280191856,0.46246423280191856,260.85189275644791
820,0.45793276935281291,0.45793276935281291,263.20480010965173
821,0.44879351838709491,0.44879351838709491,259.01979620502817
822,0.44191347880325116,0.44191347880325116,253.57564125787667
823,0.463891328217443,0.463891328217443,264.59967147144454
824,0.44949541677052585,0.44949541677052585,255.85226123904908
825,0.45856968013500732,0.45856968013500732,262.2318930070677
826,0.45112550816974262,0.45112550816974262,258.55833107249521
827,0.45694705195956986,0.45694705195956986,261.05426639077922
828,0.45048596241011402,0.45048596241011402,257.2616085810597
829,0.45742013304742368,0.45742013304742368,263.19140042582694
830,0.45790917226265071,0.45790917226265071,261.4484616200553
831,0.45368469716630627,0.45368469716630627,261.0661420792884
832,0.45771198709705824,0.45771198709705824,263.20326122058805
833,0.44458877488085963,0.44458877488085963,257.17866288051334
834,0.44599696688630275,0.44599696688630275,258.2515441770276
835,0.44833272070589231,0.44833272070589231,255.01877495880316
836,0.4533883605621476,0.4533883605621476,262.70541628597255
837,0.45551831610913907,0.45551831610913907,263.01466708388665
838,0.45061317563698672,0.45061317563698672,259.6591713716204
839,0.45458496744684568,0.45458496744684568,261.99832597725469
840,0.45645238593098159,0.45645238593098159,262.96169077295576
841,0.43750467607966037,0.43750467607966037,252.73595185267658
842,0.44596868196224521,0.44596868196224521,260.2628284709391
843,0.45275699026768484,0.45275699026768484,261.82040281714603
844,0.46193352396837783,0.46193352396837783,265.6937537643845
845,0.44911891589422143,0.44911891589422143,259.82468110248379
846,0.45192187186078359,0.45192187186078359,262.71718117649885
847,0.43945841044744804,0.43945841044744804,255.89536354138309
848,0.46023944015919699,0.46023944015919699,265.00184924677859
849,0.45907520172330996,0.45907520172330996,262.72893252150817
850,0.46427455327821737,0.46427455327821737,262.76530454468951
851,0.47538253021934673,0.47538253021934673,268.55940815568539
852,0.47234001577794321,0.47234001577794321,268.61253796823087
853,0.45464467436842915,0.45464467436842915,259.08140481542847
854,0.46274345118226573,0.46274345118226573,261.82657877053555
855,0.46692331248953767,0.46692331248953767,264.31335293136601
856,0.46402358839260643,0.46402358839260643,263.47508554277454
857,0.45568409297166734,0.45568409297166734,263.79777002902199
858,0.4584377267122598,0.4584377267122598,261.2907345582143
859,0.45550263369742083,0.45550263369742083,258.26455209595025
860,0.46794703929258735,0.46794703929258735,265.38504249509043
861,0.47908469296941281,0.47908469296941281,265.27658202587247
862,0.45750269753620171,0.45750269753620171,258.9007912034366
863,0.45844482478738852,0.45844482478738852,258.9090876981877
864,0.46076616157372879,0.46076616157372879,258.72411471003818
865,0.45726597891988474,0.45726597891988474,259.91042366076391
866,0.46062916731060177,0.46062916731060177,261.48859830007382
867,0.45604272779986593,0.45604272779986593,259.05927472549445
868,0.46541523423835124,0.46541523423835124,262.18479672203239
869,0.45709759100104125,0.45709759100104125,257.3637501154052
870,0.4646238977302507,0.4646238977302507,262.97077271203909
871,0.46979129107337603,0.46979129107337603,261.53846169120681
872,0.4707651871901718,0.4707651871901718,266.2643612513815
873,0.46568319049181311,0.46568319049181311,262.54855422502681
874,0.46365452931519979,0.46365452931519979,259.80047402303649
875,0.46689810974251661,0.46689810974251661,261.997737007296
876,0.45430355761727859,0.45430355761727859,259.40404214394039
877,0.46645584194878492,0.46645584194878492,265.79265959157482
878,0.4571947391228165,0.4571947391228165,260.80731920595451
879,0.45376450734798618,0.45376450734798618,262.75634344481762
880,0.44980756496156821,0.44980756496156821,259.19460596403621
881,0.44996855411713027,0.44996855411713027,258.22433528765197
882,0.44604953178333889,0.44604953178333889,252.33810015037017
883,0.45505824960412322,0.45505824960412322,257.39802654358539
884,0.46381814640888058,0.46381814640888058,257.71885364781622
885,0.44708725050616138,0.44708725050616138,256.3676467083875
886,0.46131931386477587,0.46131931386477587,263.94727220954923
887,0.45173175038646923,0.45173175038646923,258.79611504840761
888,0.45204892533735519,0.45204892533735519,259.71392591255619
889,0.45426960658773075,0.45426960658773075,260.2807242723083
890,0.4544889121134531,0.4544889121134531,261.32610247852233
891,0.45786371846167906,0.45786371846167906,261.3495175272061
892,0.4575981038099653,0.4575981038099653,262.4767482745898
893,0.46435664640221042,0.46435664640221042,264.01125202876449
894,0.47071681268075605,0.47071681268075605,265.83508377713207
895,0.46264410785604315,0.46264410785604315,262.26221011339987
896,0.46215395218347377,0.46215395218347377,260.46697752855255
897,0.45000382223205759,0.45000382223205759,254.83945616058085
898,0.45958033752672217,0.45958033752672217,260.47992035030813
899,0.46210820945480979,0.46210820945480979,265.1057602543026
900,0.45330261586534704,0.45330261586534704,257.51784379703406
901,0.44615172820299043,0.44615172820299043,257.02113685042315
902,0.44901047912479247,0.44901047912479247,259.41125312501288
903,0.44256732399046755,0.44256732399046755,255.76631862350951
904,0.44701798296266348,0.44701798296266348,260.02311834159099
905,0.46270640451198775,0.46270640451198775,266.57520946032872
906,0.44609899763536098,0.44609899763536098,257.0453360230307
907,0.45060892450588313,0.45060892450588313,254.06158443946643
908,0.44985252299179879,0.44985252299179879,257.49074460068425
909,0.4477415247534845,0.4477415247534845,261.72154021494146
910,0.44108298083477865,0.44108298083477865,258.07317028546561
911,0.44097163715380006,0.44097163715380006,257.73986679622124
912,0.44232374451947931,0.44232374451947931,259.2322652604899
913,0.44765738404902589,0.44765738404902589,257.25705685574246
914,0.4555991007495056,0.4555991007495056,260.56238030902051
915,0.45131850188479544,0.45131850188479544,257.81047498762973
916,0.45209190873230121,0.45209190873230121,258.38553004582729
917,0.45189010504697008,0.45189010504697008,259.33187161299236
918,0.46417593978462346,0.46417593978462346,264.31527165834706
919,0.46000395209518485,0.46000395209518485,261.79724273443196
920,0.46013662586618825,0.46013662586618825,261.51931733058672
921,0.45814525769937253,0.45814525769937253,259.91820197402387
922,0.46197264012885542,0.46197264012885542,263.00833642644551
923,0.46155444504605186,0.46155444504605186,263.4084425170912
924,0.45542166896165481,0.45542166896165481,260.89276224367029
925,0.44741882824273665,0.44741882824273665,255.93950755122486
926,0.43896921075950318,0.43896921075950318,255.1057471405289
927,0.46058804347493387,0.46058804347493387,265.72231208195001
928,0.45114627880133124,0.45114627880133124,261.11351208175313
929,0.45155930422163876,0.45155930422163876,260.94245290614515
930,0.44651472648935198,0.44651472648935198,252.76495170369498
931,0.452782464257381,0.452782464257381,263.18845713271276
932,0.46070186626943094,0.46070186626943094,265.14142079376762
933,0.4558877335481869,0.4558877335481869,262.85484972664909
934,0.46250071780219876,0.46250071780219876,262.00779646255671
935,0.45334307970860943,0.45334307970860943,260.34633322459013
936,0.45411545170269518,0.45411545170269518,259.07086666451698
937,0.47126649338002818,0.47126649338002818,264.42213030845426
938,0.46639581654614243,0.46639581654614243,265.85861889718069
939,0.46045595992789945,0.46045595992789945,260.94423659321444
940,0.4657665707140396,0.4657665707140396,261.05829736596718
941,0.46634641361449136,0.46634641361449136,261.10263196312565
942,0.46903493548853203,0.46903493548853203,262.22693625313002
943,0.46022029597814962,0.46022029597814962,256.85677389793773
944,0.4765199383554693,0.4765199383554693,266.03912207374577
945,0.46831784647401226,0.46831784647401226,262.71917586723691
946,0.4771787916184988,0.4771787916184988,267.10685715672679
947,0.47430338114864323,0.47430338114864323,264.33678018840129
948,0.47166247307655018,0.47166247307655018,262.32606070625241
949,0.45821089134804127,0.45821089134804127,259.77405247599296
950,0.46607413950261878,0.46607413950261878,264.50364385396881
951,0.46700927853659724,0.46700927853659724,265.93845113402887
952,0.46550369976773071,0.46550369976773071,262.55308791676862
953,0.46495790776076429,0.46495790776076429,262.78839026977454
954,0.47052006937402718,0.47052006937402718,264.60981240941248
955,0.46875341499274087,0.46875341499274087,266.07338793785095
956,0.45355396074156351,0.45355396074156351,260.15946420008652
957,0.46034996945620776,0.46034996945620776,265.84717650335733
958,0.4583383665125827,0.4583383665125827,265.51387162039657
959,0.45616133267124492,0.45616133267124492,261.71950444073775
960,0.46131083892962171,0.46131083892962171,262.12254597372583
961,0.45224375372561598,0.45224375372561598,260.4617791526905
962,0.45980591950921007,0.45980591950921007,263.29123110111072
963,0.45829354874338107,0.45829354874338107,264.68147936194589
964,0.45506305192134944,0.45506305192134944,262.84033023322252
965,0.46622810820076949,0.46622810820076949,266.81824854741978
966,0.46225304465398576,0.46225304465398576,266.23332034928728
967,0.46173082891112038,0.46173082891112038,265.49924045917993
968,0.45839419977978635,0.45839419977978635,260.11751694121062
969,0.45874233054088875,0.45874233054088875,264.3549913746316
970,0.46945025130648632,0.46945025130648632,269.64402805169823
971,0.47004311188622738,0.47004311188622738,266.08323797239962
972,0.46000067834285752,0.46000067834285752,259.68640043823103
973,0.46312565962915614,0.46312565962915614,257.77940749787075
974,0.4631255594960752,0.4631255594960752,264.54338154489977
975,0.46281927106621057,0.46281927106621057,266.5107045638307
976,0.46405650762391398,0.46405650762391398,266.24848225972738
977,0.45065862454912342,0.45065862454912342,263.65487711426584
978,0.45720888076718114,0.45720888076718114,262.7733078504653
979,0.45713942164921068,0.45713942164921068,264.92711464518186
980,0.46235132413120239,0.46235132413120239,264.84248269571174
981,0.46172536203536063,0.46172536203536063,263.5468824771537
982,0.46327692829751871,0.46327692829751871,264.0954507790637
983,0.46978320628929843,0.46978320628929843,259.99175933105539
984,0.48084637869371755,0.48084637869371755,270.33630341001356
985,0.46192277335063536,0.46192277335063536,263.02214706844478
986,0.46705658767723135,0.46705658767723135,263.72619658979812
987,0.4558933309068805,0.4558933309068805,261.97366495482072
988,0.46473284833603756,0.46473284833603756,263.89741368170155
989,0.47876565223844486,0.47876565223844486,267.15339327207505
990,0.47278665124899943,0.47278665124899943,260.83019301095152
991,0.4884609299117546,0.4884609299117546,270.27627448159672
992,0.47730394865748815,0.47730394865748815,264.96340303486085
993,0.47663214448674945,0.47663214448674945,267.76516811083513
994,0.4679880802932061,0.4679880802932061,264.40847978842163
995,0.46427318029712694,0.46427318029712694,263.66934747783819
996,0.46681140753330591,0.46681140753330591,262.6715885701251
997,0.46178217698416324,0.46178217698416324,261.35777898279702
998,0.45728131605231204,0.45728131605231204,260.70763388292255
999,0.47195682383550419,0.47195682383550419,265.83147485339003
1000,0.45713680038887261,0.45713680038887261,259.51361605884415
1001,0.46858599795498712,0.46858599795498712,265.22237314110487
1002,0.46068465770485317,0.46068465770485317,263.4448628169456
1003,0.4603493740050606,0.4603493740050606,264.17104810820877
1004,0.47423058495103332,0.47423058495103332,270.59506468540974
1005,0.47066721210166695,0.47066721210166695,263.82199836262873
1006,0.46428749339763281,0.46428749339763281,263.18844894775339
1007,0.47287389110812256,0.47287389110812256,266.47092397362326
1008,0.46018059365617037,0.46018059365617037,259.84480373953386
1009,0.4763131175788885,0.4763131175788885,268.53474216283519
1010,0.46980015324522445,0.46980015324522445,263.78424945180393
1011,0.48220049104332291,0.48220049104332291,270.09686806131265
1012,0.4696132093564403,0.4696132093564403,265.21651670524778
1013,0.46724751866902958,0.46724751866902958,264.98789062175149
1014,0.4569763455296717,0.4569763455296717,257.40450997265907
1015,0.47671209546510918,0.47671209546510918,265.92510166984295
1016,0.46108913782868066,0.46108913782868066,263.5513791397243
1017,0.47102419864413275,0.47102419864413275,262.90140403779185
1018,0.47624760715165326,0.47624760715165326,268.7720586732292
1019,0.47449450436543827,0.47449450436543827,269.69647442725608
1020,0.47758997216865706,0.47758997216865706,267.83336921300253
1021,0.484958587577481,0.484958587577481,269.39415668977364
1022,0.48445777111318566,0.48445777111318566,267.64916598875607
1023,0.48254085089020426,0.48254085089020426,268.93972245460822
1024,0.46495111532670574,0.46495111532670574,259.14372166945139
1025,0.48552376768389571,0.48552376768389571,272.87631562231434
1026,0.48126786541083993,0.48126786541083993,270.70946878873889
1027,0.46910685908210026,0.46910685908210026,263.61818408389269
1028,0.47355898471586161,0.47355898471586161,268.1174259565376
1029,0.47554993655620592,0.47554993655620592,268.76469263213573
1030,0.47767560918797469,0.47767560918797469,269.46775809097818
1031,0.47915848793835714,0.47915848793835714,268.97921888369132
1032,0.47315368315910861,0.47315368315910861,263.69978751516908
1033,0.47661882045453818,0.47661882045453818,269.4322058535451
1034,0.48499297291923849,0.48499297291923849,269.61904153548574
1035,0.48967275933172594,0.48967275933172594,274.3680488788255
1036,0.47560370921235462,0.47560370921235462,265.92227944766785
1037,0.47828277478641512,0.47828277478641512,269.47716654748797
1038,0.47317019596903459,0.47317019596903459,267.42143567032042
1039,0.47596843436893665,0.47596843436893665,269.86974287543279
1040,0.46624999714505133,0.46624999714505133,265.59249120592779
1041,0.46473598825036599,0.46473598825036599,264.0737856128348
1042,0.47455537649455215,0.47455537649455215,269.14463934129344
1043,0.47286761896508744,0.47286761896508744,268.39230219291358
1044,0.47070002664523053,0.47070002664523053,267.13092275941472
1045,0.47086867630395046,0.47086867630395046,267.62445168462466
1046,0.46665237132317638,0.46665237132317638,266.25464940883006
1047,0.47694427061411443,0.47694427061411443,269.06633488661765
1048,0.47087322665899373,0.47087322665899373,268.58249336932766
1049,0.46651875674238674,0.46651875674238674,268.45138978702414
1050,0.46486835021119177,0.46486835021119177,266.54639526392339
1051,0.4586069446608918,0.4586069446608918,262.71493008560276
1052,0.45538124982973099,0.45538124982973099,262.90292575448041
1053,0.45804024284092631,0.45804024284092631,264.89573254010509
1054,0.45737843575336434,0.45737843575336434,266.23650290572078
1055,0.45762853495021033,0.45762853495021033,265.73437923220308
1056,0.450122622854711,0.450122622854711,261.23417035558515
1057,0.44788279312096185,0.44788279312096185,256.9801257376136
1058,0.46233018037507723,0.46233018037507723,266.29300631563194
1059,0.46603651313620087,0.46603651313620087,269.86939976495262
1060,0.46325995292070649,0.46325995292070649,268.98514587724878
1061,0.46387713481855597,0.46387713481855597,264.11259011229964
1062,0.45568276544974029,0.45568276544974029,260.35230554137291
1063,0.46223369198090508,0.46223369198090508,262.85246903887651
1064,0.46369408207090707,0.46369408207090707,263.00076051756918
1065,0.46363580370926449,0.46363580370926449,268.33990254986918
1066,0.46642367521746453,0.46642367521746453,263.09777554684558
1067,0.46757849199699281,0.46757849199699281,265.63942974616077
1068,0.47474603019456352,0.47474603019456352,266.91671068822524
1069,0.46546309388372115,0.46546309388372115,266.51921181066814
1070,0.46734558559523631,0.46734558559523631,263.91234034606475
1071,0.46618078647892325,0.46618078647892325,263.25949976524498
1072,0.46595167635544693,0.46595167635544693,266.36711844311407
1073,0.46341572403861592,0.46341572403861592,261.52497832348763
1074,0.46140158730792702,0.46140158730792702,262.71385865143441
1075,0.47053259173957551,0.47053259173957551,264.72438487207546
1076,0.4634924989614464,0.4634924989614464,264.3748803387208
1077,0.45979325410288946,0.45979325410288946,261.29203011060287
1078,0.46272749506670718,0.46272749506670718,261.53937781774687
1079,0.46443157787095579,0.46443157787095579,261.87974249748299
1080,0.46162908536663461,0.46162908536663461,261.79623315841462
1081,0.46043020028933307,0.46043020028933307,261.71549392987595
1082,0.46566475919772676,0.46566475919772676,259.09965971009939
1083,0.4735115139168683,0.4735115139168683,264.50031276659246
1084,0.47840686663712084,0.47840686663712084,264.82148686116886
1085,0.47219285003584321,0.47219285003584321,265.41680778841828
1086,0.47467395725769279,0.47467395725769279,266.02802699104757
1087,0.47395040674802252,0.47395040674802252,265.06622952052163
1088,0.47385506147416939,0.47385506147416939,264.84037423864072
1089,0.46773496359865929,0.46773496359865929,263.23816578156556
1090,0.46758389440986842,0.46758389440986842,265.05498172862218
1091,0.46444272504239847,0.46444272504239847,262.20957527697317
1092,0.46701539046154156,0.46701539046154156,262.36151348891832
1093,0.47128542452425243,0.47128542452425243,263.49987316962347
1094,0.4652820653249542,0.4652820653249542,262.26018375719843
1095,0.47292795120243214,0.47292795120243214,261.41823074248413
1096,0.45666548407166213,0.45666548407166213,256.14174767134421
1097,0.46121221260005757,0.46121221260005757,257.79717759714225
1098,0.47351602924851893,0.47351602924851893,265.87499003837382
1099,0.46741462198611095,0.46741462198611095,267.45102124565148
1100,0.46706142003041862,0.46706142003041862,264.13259339850725
1101,0.46880521430491984,0.46880521430491984,268.02795172821305
1102,0.47372255852163264,0.47372255852163264,266.96612546865759
1103,0.46530299073488657,0.46530299073488657,262.82978053796467
1104,0.47906797906323578,0.47906797906323578,269.04214991329957
1105,0.46151895583804947,0.46151895583804947,261.70722114902566
1106,0.47097743971489725,0.47097743971489725,266.03333212401697
1107,0.47226329358579394,0.47226329358579394,266.84211278068307
1108,0.46898639775421574,0.46898639775421574,263.60797889785312
1109,0.47414656041255865,0.47414656041255865,269.09709255243638
1110,0.46091822643369323,0.46091822643369323,262.98400915967352
1111,0.4700877985708426,0.4700877985708426,266.07419739101567
1112,0.46130059013544689,0.46130059013544689,263.37126908479382
1113,0.45291758036559032,0.45291758036559032,257.75090000675937
1114,0.47193104557991383,0.47193104557991383,267.337081906545
1115,0.46060403892950952,0.46060403892950952,258.92815933241502
1116,0.47543305875832298,0.47543305875832298,266.30964801816782
1117,0.46611425298538156,0.46611425298538156,260.93818012640514
1118,0.4634950983710695,0.4634950983710695,262.22927495895431
1119,0.46088093289891158,0.46088093289891158,260.89724741048053
1120,0.46412315147914818,0.46412315147914818,262.54863577912641
1121,0.46443562750559647,0.46443562750559647,261.19286394318976
1122,0.46924763355763649,0.46924763355763649,264.71606284036483
1123,0.47695015859531892,0.47695015859531892,269.01950242964125
1124,0.46915107307913917,0.46915107307913917,263.87873548695222
1125,0.46278424070133839,0.46278424070133839,262.32897909715524
1126,0.47943936436518786,0.47943936436518786,266.74838499317354
1127,0.47272909448340983,0.47272909448340983,265.25068095012489
1128,0.47018160345864379,0.47018160345864379,263.85948223757629
1129,0.47697969451522032,0.47697969451522032,261.80072841246312
1130,0.46955781231049698,0.46955781231049698,259.22893443575435
1131,0.47374419465293799,0.47374419465293799,262.54679828213887
1132,0.46813567020037389,0.46813567020037389,261.1029036894588
1133,0.48406906687102236,0.48406906687102236,268.0522706915267
1134,0.4822499811446147,0.4822499811446147,268.63366627041063
1135,0.47158428850686035,0.47158428850686035,261.89785983071357
1136,0.48508750896690006,0.48508750896690006,267.07325480632932
1137,0.48346981579042064,0.48346981579042064,268.07107056283229
1138,0.48419450826813498,0.48419450826813498,267.62926813007925
1139,0.4781998990758537,0.4781998990758537,261.95406301737086
1140,0.48718409807793045,0.48718409807793045,270.08357262358021
1141,0.49033092037774251,0.49033092037774251,269.63880806622115
1142,0.48755213419875315,0.48755213419875315,267.07033806402825
1143,0.46962947035987501,0.46962947035987501,261.75154321068777
1144,0.4771551503421721,0.4771551503421721,262.42042931128918
1145,0.47190537768074375,0.47190537768074375,266.11118997461449
1146,0.47866413868018232,0.47866413868018232,264.99531611128771
1147,0.47323204834359711,0.47323204834359711,262.42685451322387
1148,0.47396024980654661,0.47396024980654661,264.57286371378643
1149,0.47107008206575396,0.47107008206575396,264.75197131081734
1150,0.47110302720206249,0.47110302720206249,263.7444810870129
1151,0.47872127537588111,0.47872127537588111,267.87874634116753
1152,0.46774014469734498,0.46774014469734498,263.1249379058595
1153,0.46820625335224031,0.46820625335224031,262.84438513638418
1154,0.46766023027359466,0.46766023027359466,258.9561774340184
1155,0.4715057799521335,0.4715057799521335,264.67080268131537
1156,0.4708527778456319,0.4708527778456319,263.34238772865189
1157,0.47109092096793459,0.47109092096793459,264.90915245444273
1158,0.46587042937129536,0.46587042937129536,262.4162497771498
1159,0.46499906275407865,0.46499906275407865,263.1024235159399
1160,0.46499609361823546,0.46499609361823546,262.61056117510032
1161,0.46492726055211281,0.46492726055211281,263.9630106609485
1162,0.47338458819647256,0.47338458819647256,268.63598168504461
1163,0.47320087957457468,0.47320087957457468,266.94557481992712
1164,0.47152589624337571,0.47152589624337571,265.0052898248374
1165,0.46926749406481749,0.46926749406481749,266.34215672648043
1166,0.46911411563155436,0.46911411563155436,263.53636505787404
1167,0.47987924446531649,0.47987924446531649,268.76005075935939
1168,0.47596938414503265,0.47596938414503265,268.2608561696
1169,0.47870031479027231,0.47870031479027231,265.78230813285444
1170,0.48787102884409411,0.48787102884409411,272.7490296426102
1171,0.48164874352070902,0.48164874352070902,268.11919880563579
1172,0.48264999411958148,0.48264999411958148,271.02076115964098
1173,0.48853476412386004,0.48853476412386004,271.88922619461232
1174,0.48168834778479785,0.48168834778479785,265.72328142660837
1175,0.48436075017342695,0.48436075017342695,268.5376298330288
1176,0.48249681315174442,0.48249681315174442,269.44909611115747
1177,0.47975121930439119,0.47975121930439119,268.6619492635707
1178,0.47398524633659039,0.47398524633659039,267.7195566097605
1179,0.47692606631095885,0.47692606631095885,262.42248636242886
1180,0.48183814843396,0.48183814843396,268.54426147340075
1181,0.48198260489615546,0.48198260489615546,269.48772072099723
1182,0.47465333261087794,0.47465333261087794,266.3848266488701
1183,0.48583642926668985,0.48583642926668985,268.90876740523908
1184,0.47763642209470702,0.47763642209470702,269.07587057509687
1185,0.48145490533085955,0.48145490533085955,271.71524670036843
1186,0.45927060406318854,0.45927060406318854,260.5893749215594
1187,0.47274898881567085,0.47274898881567085,264.00996832872625
1188,0.46381172308798108,0.46381172308798108,262.21964795795594
1189,0.4725068125020363,0.4725068125020363,267.99391104835252
1190,0.47435628493440418,0.47435628493440418,266.33048690256652
1191,0.48064277423976681,0.48064277423976681,268.73882654130648
1192,0.47131749058803696,0.47131749058803696,264.14363354251151
1193,0.48282365632684587,0.48282365632684587,269.26784231204158
1194,0.48429948735211442,0.48429948735211442,266.22843345115064
1195,0.47890000273990063,0.47890000273990063,264.43978755662494
1196,0.47364943210237864,0.47364943210237864,262.76508858444441
1197,0.48274017447660816,0.48274017447660816,267.15853521541447
1198,0.47667189697390677,0.47667189697390677,262.80171486942766
1199,0.49226083787422859,0.49226083787422859,271.2786057714091
1200,0.48555726780310032,0.48555726780310032,270.36240309217203
1201,0.48822130929364571,0.48822130929364571,266.23859702414643
1202,0.47280945683795811,0.47280945683795811,257.88115038065018
1203,0.48294460191521865,0.48294460191521865,266.63297455485679
1204,0.48018941108854041,0.48018941108854041,263.342234577574
1205,0.47990492968525256,0.47990492968525256,267.90525279785072
1206,0.47302576444579697,0.47302576444579697,263.07446418572488
1207,0.48128460487153779,0.48128460487153779,269.42870241780656
1208,0.47486896811922613,0.47486896811922613,264.81156842451554
1209,0.4631215402411758,0.4631215402411758,262.76925139741343
1210,0.45626068493775823,0.45626068493775823,256.13272524051632
1211,0.46483827160029556,0.46483827160029556,266.79672159591502
1212,0.47065752468307426,0.47065752468307426,265.54709745588588
1213,0.47776297011967583,0.47776297011967583,269.70677513461288
1214,0.47219100513619106,0.47219100513619106,264.5802050282897
1215,0.48305404797518758,0.48305404797518758,270.64580068927296
1216,0.47147112471296343,0.47147112471296343,267.5453230965901
1217,0.47665403991329336,0.47665403991329336,267.73049010090807
1218,0.4644689060151258,0.4644689060151258,263.56403320750286
1219,0.4588083759184407,0.4588083759184407,259.80286191436625
1220,0.46141667303930961,0.46141667303930961,262.66420942095635
1221,0.46427158894604992,0.46427158894604992,262.45460751251983
1222,0.45641043156258521,0.45641043156258521,258.30932185526956
1223,0.46949323736946641,0.46949323736946641,263.095236342661
1224,0.47047687689154555,0.47047687689154555,269.15795200114661
1225,0.45755993623951563,0.45755993623951563,259.95194598175419
1226,0.47153435119179771,0.47153435119179771,263.7683927426512
1227,0.45385097649266742,0.45385097649266742,253.23901668811814
1228,0.46622214856670929,0.46622214856670929,268.5478850623316
1229,0.47373752666103763,0.47373752666103763,269.00752003581624
1230,0.46598570088523961,0.46598570088523961,263.23611478955036
1231,0.46123535669420229,0.46123535669420229,263.13539375051346
1232,0.47118274096430762,0.47118274096430762,267.80061915622878
1233,0.47183696485815008,0.47183696485815008,267.50843612147719
1234,0.47336219384799633,0.47336219384799633,267.28951102723931
1235,0.46742484127558753,0.46742484127558753,266.40960529435472
1236,0.46109220931934908,0.46109220931934908,261.7015433982877
1237,0.46475952620100569,0.46475952620100569,263.35673028760976
1238,0.46472910877488494,0.46472910877488494,265.01286790458596
1239,0.45801642847568269,0.45801642847568269,261.49535668081677
1240,0.46469061271846168,0.46469061271846168,265.58092787816253
1241,0.44912414150512098,0.44912414150512098,257.15545009629125
1242,0.4599381155508212,0.4599381155508212,263.65494737347456
1243,0.45106455673640256,0.45106455673640256,260.33201252850802
1244,0.45051006854978792,0.45051006854978792,258.62181490563552
1245,0.45903824435655,0.45903824435655,263.6399743848275
1246,0.45104147744125589,0.45104147744125589,258.61876629422625
1247,0.45931555772813776,0.45931555772813776,262.11739278305856
1248,0.46021818387810587,0.46021818387810587,263.06311747718917
1249,0.44758914332106359,0.44758914332106359,256.43492356087404
1250,0.45332749701050962,0.45332749701050962,260.57837121595878
1251,0.45087654154839391,0.45087654154839391,258.86337074306948
1252,0.45416963612329087,0.45416963612329087,262.61654369292853
1253,0.46063204472842323,0.46063204472842323,264.42502992340371
1254,0.46381247132315062,0.46381247132315062,263.74147877821122
1255,0.47000223356552606,0.47000223356552606,265.49559521043886
1256,0.46332667412754375,0.46332667412754375,261.68654643002395
1257,0.45176794633510153,0.45176794633510153,259.29225018980003
1258,0.45454643933714767,0.45454643933714767,258.55272131413523
1259,0.44672136330110046,0.44672136330110046,258.12375502274364
1260,0.44977363058581288,0.44977363058581288,260.05172555581879
1261,0.46141824127799075,0.46141824127799075,263.71896800528521
1262,0.4557857051696696,0.4557857051696696,262.03770157767588
1263,0.45689239404303861,0.45689239404303861,259.7015340743352
1264,0.46212555221971907,0.46212555221971907,261.50841897969258
1265,0.45921252523860429,0.45921252523860429,257.28594020956155
1266,0.46884315322391296,0.46884315322391296,262.18974748712736
1267,0.4633109708823745,0.4633109708823745,260.30058670194569
1268,0.45261158344767932,0.45261158344767932,256.58355949582142
1269,0.45470889594381952,0.45470889594381952,258.44422162035073
1270,0.442145731764987,0.442145731764987,255.77934165961705
1271,0.45159082611590301,0.45159082611590301,258.31989956266523
1272,0.44918199034484474,0.44918199034484474,256.85735441116981
1273,0.43824228085689015,0.43824228085689015,252.45344987248728
1274,0.45238661288874543,0.45238661288874543,259.18388324412876
1275,0.4501271172033075,0.4501271172033075,256.28121945662406
1276,0.45429066341576974,0.45429066341576974,258.38057076854517
1277,0.45331377431424019,0.45331377431424019,258.36450309681754
1278,0.44802040544587696,0.44802040544587696,255.07517227437
1279,0.44348774157506521,0.44348774157506521,249.41721610618168
1280,0.4523523743855975,0.4523523743855975,258.0811364865823
1281,0.44785723709659403,0.44785723709659403,254.54295060171813
1282,0.44694536416288305,0.44694536416288305,257.34878082070441
1283,0.45188030919890226,0.45188030919890226,256.52327603155135
1284,0.45464346915130716,0.45464346915130716,259.8353831687711
1285,0.44388504178537636,0.44388504178537636,253.72330054272643
1286,0.43838154479138136,0.43838154479138136,248.85571757159954
1287,0.44442784758585463,0.44442784758585463,255.03555604610088
1288,0.44337450963103053,0.44337450963103053,251.96708964139208
1289,0.45259404606793785,0.45259404606793785,256.53529445568768
1290,0.45257370864761937,0.45257370864761937,257.37605172604538
1291,0.45252803448462042,0.45252803448462042,256.20497285219915
1292,0.45693720489985201,0.45693720489985201,260.65340292248101
1293,0.45413367445780339,0.45413367445780339,257.8129590546024
1294,0.44844451451701228,0.44844451451701228,252.88428243399889
1295,0.45169764095697251,0.45169764095697251,259.5025154233918
1296,0.4566145618163796,0.4566145618163796,262.0678898795918
1297,0.45878026970884045,0.45878026970884045,261.61379702097116
1298,0.44899403207495647,0.44899403207495647,257.81944266113982
1299,0.44830436308591654,0.44830436308591654,257.43863745569917
1300,0.46236160753878652,0.46236160753878652,263.27840009095775
1301,0.4672676919344525,0.4672676919344525,265.79938424827532
1302,0.46274718345513549,0.46274718345513549,264.71120965756637
1303,0.4660362313539036,0.4660362313539036,265.90060538223213
1304,0.45959340599700321,0.45959340599700321,262.50151457570331
1305,0.46228996554286284,0.46228996554286284,264.84268870095048
1306,0.46343523197622377,0.46343523197622377,262.91812774854714
1307,0.46304332420558508,0.46304332420558508,263.95623376063213
1308,0.46156259272517397,0.46156259272517397,263.64434002898241
1309,0.45286471700836844,0.45286471700836844,260.93879734525052
1310,0.45793413522283871,0.45793413522283871,262.46692806549038
1311,0.45942138063418314,0.45942138063418314,263.22082312463073
1312,0.46276894848171057,0.46276894848171057,264.04068364808387
1313,0.4635007390432847,0.4635007390432847,261.28600853026427
1314,0.45130391144838677,0.45130391144838677,257.75558830716233
1315,0.46183025862121918,0.46183025862121918,261.79622314009282
1316,0.46786409496867709,0.46786409496867709,262.95711710275816
1317,0.46842752120047626,0.46842752120047626,263.68033667328791
1318,0.46557705096996782,0.46557705096996782,263.55213685641917
1319,0.45819568181087106,0.45819568181087106,257.50127235131697
1320,0.45809856204961302,0.45809856204961302,259.57785396535837
1321,0.45351653667402025,0.45351653667402025,260.1117723769483
1322,0.4523380787434319,0.4523380787434319,260.71476636919908
1323,0.45098934433425358,0.45098934433425358,257.68365638571095
1324,0.45733684032962529,0.45733684032962529,261.67498344457238
1325,0.45085353984405724,0.45085353984405724,259.58727485254553
1326,0.45102418227707763,0.45102418227707763,260.85668593536332
1327,0.45947054068656995,0.45947054068656995,263.27969421406289
1328,0.44651906648002165,0.44651906648002165,258.64728695481915
1329,0.44131135049800518,0.44131135049800518,255.99708444970642
1330,0.44549493097704335,0.44549493097704335,260.63360839411439
1331,0.44522408643804728,0.44522408643804728,259.75333605193259
1332,0.4370669981106875,0.4370669981106875,254.73601327261554
1333,0.44104043505374718,0.44104043505374718,254.8703467477103
1334,0.44773493066885672,0.44773493066885672,260.90295732793732
1335,0.43349599474418427,0.43349599474418427,254.02871184397742
1336,0.43539747294399245,0.43539747294399245,254.2119788052224
1337,0.44610042001271255,0.44610042001271255,258.25013008895343
1338,0.4492749079395425,0.4492749079395425,261.46419090959279
1339,0.44085482079818139,0.44085482079818139,256.90216433256501
1340,0.4508370668061944,0.4508370668061944,258.79138459775788
1341,0.44316510814968824,0.44316510814968824,256.93871668378176
1342,0.45102668019061137,0.45102668019061137,261.15490723039591
1343,0.44232712216081449,0.44232712216081449,256.05969102246917
1344,0.4422310150862816,0.4422310150862816,260.08972588378566
1345,0.44880174075548646,0.44880174075548646,257.67582240330296
1346,0.45360488588898012,0.45360488588898012,267.18049194116645
1347,0.44493602440006425,0.44493602440006425,258.490348189874
1348,0.45093945149604853,0.45093945149604853,259.46130858586821
1349,0.45252768453843883,0.45252768453843883,261.70484290283781
1350,0.44612862771004425,0.44612862771004425,260.7420670418752
1351,0.4490844579521428,0.4490844579521428,260.07251564250527
1352,0.44964295749554906,0.44964295749554906,261.14201446562026
1353,0.44114282740384941,0.44114282740384941,256.57356064578778
1354,0.45027176665463414,0.45027176665463414,260.63654253284238
1355,0.44427571162762092,0.44427571162762092,260.18547039916535
1356,0.4535909804988224,0.4535909804988224,261.59127388618845
1357,0.44821216588437629,0.44821216588437629,260.88006135544913
1358,0.45312395751149859,0.45312395751149859,263.65521260636086
1359,0.44666052288589347,0.44666052288589347,259.08648268689416
1360,0.45053164387192607,0.45053164387192607,259.56326161306572
1361,0.44222488653180542,0.44222488653180542,253.94589318247807
1362,0.44316752697460987,0.44316752697460987,256.0782562783503
1363,0.44714131617706432,0.44714131617706432,258.10170310285127
1364,0.44667402365968556,0.44667402365968556,258.08459890903174
1365,0.43998968208293104,0.43998968208293104,255.91162023592534
1366,0.45438926650405642,0.45438926650405642,260.51472636095093
1367,0.43945913205721021,0.43945913205721021,257.7522527831062
1368,0.44392651016755841,0.44392651016755841,258.18722614437604
1369,0.44427913501925265,0.44427913501925265,258.22756260401974
1370,0.44378204203859217,0.44378204203859217,259.53746212882572
1371,0.44137620409799549,0.44137620409799549,255.56178043253053
1372,0.43663620825271643,0.43663620825271643,256.04497871113836
1373,0.45463427260780725,0.45463427260780725,263.39240211734267
1374,0.4545016431521357,0.4545016431521357,264.2590343197831
1375,0.45293952634051954,0.45293952634051954,261.07357521554815
1376,0.44979375069120753,0.44979375069120753,261.12338658101288
1377,0.46094140697816099,0.46094140697816099,262.7261350650025
1378,0.45291964306321297,0.45291964306321297,259.61374820395963
1379,0.45874740182442764,0.45874740182442764,259.16727920101596
1380,0.46656748005610638,0.46656748005610638,266.87980258424278
1381,0.45420977794366779,0.45420977794366779,258.9042350702822
1382,0.44450124921932588,0.44450124921932588,255.03489790150837
1383,0.46080875817042788,0.46080875817042788,260.6017872381604
1384,0.45891074297939272,0.45891074297939272,261.54476004868337
1385,0.46010316170065402,0.46010316170065402,261.41525514794159
1386,0.45708307671104309,0.45708307671104309,259.38963787507089
1387,0.45409292535943357,0.45409292535943357,258.36737788235843
1388,0.45421140386630565,0.45421140386630565,261.60388024866717
1389,0.46439252895984984,0.46439252895984984,263.10194664113357
1390,0.46155683762857419,0.46155683762857419,261.07503857079075
1391,0.4636261388078301,0.4636261388078301,262.71923013824733
1392,0.45592257474230313,0.45592257474230313,256.74915548573637
1393,0.44964466399969416,0.44964466399969416,256.11931739810831
1394,0.46815586306737245,0.46815586306737245,267.2260779076247
1395,0.47320924740624754,0.47320924740624754,265.98549033530088
1396,0.46233468118905596,0.46233468118905596,262.76278810013935
1397,0.4729865191319787,0.4729865191319787,265.17504188439847
1398,0.46261004696125718,0.46261004696125718,259.73451514968735
1399,0.45329811755299454,0.45329811755299454,256.89363698735968
1400,0.46129824249025697,0.46129824249025697,262.41971047747518
1401,0.45707752202058627,0.45707752202058627,259.67978065310115
1402,0.45808833373918051,0.45808833373918051,257.72537442627441
1403,0.44441813498506394,0.44441813498506394,254.56648914002812
1404,0.44943275988344106,0.44943275988344106,254.97235747332314
1405,0.45592599394095623,0.45592599394095623,259.77132981027842
1406,0.46773487137347852,0.46773487137347852,265.09569514861954
1407,0.46020763605496151,0.46020763605496151,261.99165708549958
1408,0.46264146722401611,0.46264146722401611,260.08342913658799
1409,0.46761105306223261,0.46761105306223261,263.02918881119297
1410,0.45835224929482077,0.45835224929482077,257.56878478924415
1411,0.47269157048994587,0.47269157048994587,262.70049340168003
1412,0.47551092718053117,0.47551092718053117,267.92925546657227
1413,0.46623484939784809,0.46623484939784809,261.43076673321133
1414,0.4691536871026874,0.4691536871026874,260.37254000394529
1415,0.47027284468842234,0.47027284468842234,261.62821094765121
1416,0.451889344444659,0.451889344444659,252.52937038841259
1417,0.46648083077166752,0.46648083077166752,258.83763185656619
1418,0.46275884698857894,0.46275884698857894,259.50735305301322
1419,0.46577174091819568,0.46577174091819568,261.80134690309615
1420,0.46140997281073054,0.46140997281073054,257.90501269411624
1421,0.46471648940277915,0.46471648940277915,261.72367433853481
1422,0.46113715046239767,0.46113715046239767,261.63971534532163
1423,0.46239054133979485,0.46239054133979485,261.33331091163825
1424,0.45816710084636308,0.45816710084636308,257.91085026037143
1425,0.47222884312974533,0.47222884312974533,264.22733521963085
1426,0.45658158814549427,0.45658158814549427,261.04152092003051
1427,0.46428222237860811,0.46428222237860811,263.85002418821648
1428,0.44589356547864067,0.44589356547864067,254.11434759772897
1429,0.46033972772784154,0.46033972772784154,258.76136047465201
1430,0.46883549191414342,0.46883549191414342,266.59147248502484
1431,0.46593334380451673,0.46593334380451673,264.78888144660834
1432,0.45558573039912914,0.45558573039912914,260.08768203923478
1433,0.45961505621074439,0.45961505621074439,262.35848669133242
1434,0.45938336461749668,0.45938336461749668,262.5544731834047
1435,0.45947408935612194,0.45947408935612194,262.82076828607018
1436,0.45185688212442771,0.45185688212442771,257.92820908147871
1437,0.46437420186958012,0.46437420186958012,264.0970512932559
1438,0.4612828421435986,0.4612828421435986,264.70756587869926
1439,0.46174052113626213,0.46174052113626213,260.72511643807366
1440,0.45556209992375141,0.45556209992375141,258.7377347228084
1441,0.45241575015723451,0.45241575015723451,258.35109463309152
1442,0.45422152276222738,0.45422152276222738,256.97631606074606
1443,0.44706553626827894,0.44706553626827894,256.86507610675892
1444,0.45454307825930557,0.45454307825930557,258.38238474005868
1445,0.45934215506095233,0.45934215506095233,258.88352305196815
1446,0.4491022231777686,0.4491022231777686,256.67801940839229
1447,0.45826055134691279,0.45826055134691279,260.3359270726894
1448,0.46638833033058447,0.46638833033058447,261.36869532054646
1449,0.45583784445781328,0.45583784445781328,257.26304237667546
1450,0.46266981482163255,0.46266981482163255,259.27324710501432
1451,0.46790982103018763,0.46790982103018763,262.63898449905753
1452,0.46495556902256086,0.46495556902256086,259.05238968548701
1453,0.46310262633222993,0.46310262633222993,258.04836144234361
1454,0.47460990726612406,0.47460990726612406,263.85916100915955
1455,0.47432771781571426,0.47432771781571426,262.16127281618026
1456,0.47430406441855705,0.47430406441855705,262.29212817597698
1457,0.46744120885389917,0.46744120885389917,259.9389220898189
1458,0.46706437139459467,0.46706437139459467,262.14980429461963
1459,0.46435698793958363,0.46435698793958363,260.16639589233398
1460,0.46841569588572851,0.46841569588572851,259.31229644894302
1461,0.46382454974594411,0.46382454974594411,257.33598312151781
1462,0.46454390136620238,0.46454390136620238,260.96518929593799
1463,0.4736827951888018,0.4736827951888018,262.33739135481954
1464,0.45368152618283064,0.45368152618283064,253.24174495353481
1465,0.46082919591766752,0.46082919591766752,256.65108292497035
1466,0.46799335793400765,0.46799335793400765,259.62643202046797
1467,0.45663559225778255,0.45663559225778255,256.71525635558788
1468,0.45851784550262753,0.45851784550262753,256.80228238842102
1469,0.45603356829242392,0.45603356829242392,257.59022447344518
1470,0.45730753038365968,0.45730753038365968,261.04786018260717
1471,0.44881164191333189,0.44881164191333189,256.06445546299511
1472,0.45974048282866536,0.45974048282866536,258.26483205031627
1473,0.46489121287039731,0.46489121287039731,259.8852005268609
1474,0.45384958185799357,0.45384958185799357,255.79694996094941
1475,0.45586137766913648,0.45586137766913648,256.3640788722106
1476,0.46176868309936003,0.46176868309936003,257.05892194068474
1477,0.46039056554942331,0.46039056554942331,258.66157173632581
1478,0.44986757039768682,0.44986757039768682,256.75635682521937
1479,0.44263003043949362,0.44263003043949362,248.14771855758823
1480,0.45878364990698978,0.45878364990698978,259.1415890718967
1481,0.45757029493277451,0.45757029493277451,257.75596164141479
1482,0.44499695624265778,0.44499695624265778,255.88980410980608
1483,0.44418146070086389,0.44418146070086389,253.52176575904568
1484,0.44798191709339885,0.44798191709339885,255.39055927735407
1485,0.4509759389318253,0.4509759389318253,254.60790473836602
1486,0.44801172837056036,0.44801172837056036,254.61991619555678
1487,0.45360817860241054,0.45360817860241054,255.85656030440524
1488,0.45500843426173121,0.45500843426173121,254.19851226218597
1489,0.44667828361562234,0.44667828361562234,251.08506770990329
1490,0.46129155521953891,0.46129155521953891,259.72395912272179
1491,0.44386447931235951,0.44386447931235951,253.11008025754026
1492,0.44746561466397339,0.44746561466397339,253.85039704823211
1493,0.44897018753365536,0.44897018753365536,255.13717687082362
1494,0.45282372400421006,0.45282372400421006,253.87425751680894
1495,0.4636528281133801,0.4636528281133801,261.84310604454697
1496,0.45907291011401047,0.45907291011401047,259.41597952784343
1497,0.4586243168338755,0.4586243168338755,259.24760582572742
1498,0.45865737154639508,0.45865737154639508,259.86444378588448
1499,0.4535257489950274,0.4535257489950274,257.24073708947265
1500,0.45298774766220545,0.45298774766220545,254.16715467619278
1501,0.45239838976440455,0.45239838976440455,257.20601058836041
1502,0.44621337351973028,0.44621337351973028,255.46677566374933
1503,0.44939825484008156,0.44939825484008156,255.318051386555
1504,0.44031004179725813,0.44031004179725813,249.68733467563052
1505,0.461535810742015,0.461535810742015,260.20031820345713
1506,0.46552423480801208,0.46552423480801208,259.74310773190734
1507,0.45839653926946322,0.45839653926946322,262.28433538674795
1508,0.45793419498400195,0.45793419498400195,260.57646860250668
1509,0.45962238852161902,0.45962238852161902,260.64081545971214
1510,0.45193247324866359,0.45193247324866359,257.2652506074694
1511,0.4582369542217557,0.4582369542217557,258.95990867851407
1512,0.45822455903955717,0.45822455903955717,261.17659615142344
1513,0.45065531214598875,0.45065531214598875,256.9177157720909
1514,0.46230030429910923,0.46230030429910923,261.03345769827342
1515,0.47381149640431064,0.47381149640431064,263.86139623868712
1516,0.46194744771862029,0.46194744771862029,256.03476064280517
1517,0.46637599753132813,0.46637599753132813,259.71892699958113
1518,0.45801743666314243,0.45801743666314243,258.95561179431394
1519,0.45712857400800255,0.45712857400800255,257.98724392455841
1520,0.45051526569005895,0.45051526569005895,255.20607661919706
1521,0.45418601564688676,0.45418601564688676,258.66238882867538
1522,0.45477596980336427,0.45477596980336427,256.89272433206639
1523,0.46070280812823172,0.46070280812823172,256.58128731280812
1524,0.46723683560748414,0.46723683560748414,260.10620720937146
1525,0.46397889897315564,0.46397889897315564,260.96043710877501
1526,0.46214403512439173,0.46214403512439173,261.99024787465459
1527,0.45367021171925692,0.45367021171925692,257.05448312205567
1528,0.44065794070554604,0.44065794070554604,250.22369621868285
1529,0.45081595523639706,0.45081595523639706,257.35697915271703
1530,0.43680803667901602,0.43680803667901602,248.82801879253438
1531,0.4379556552374792,0.4379556552374792,249.86485720475562
1532,0.44894052179130933,0.44894052179130933,256.03476754430437
1533,0.44164554623516816,0.44164554623516816,252.81332633069991
1534,0.45147503355260732,0.45147503355260732,256.81118363197561
1535,0.44962117671599833,0.44962117671599833,257.23300887533281
1536,0.44367804471695693,0.44367804471695693,252.51595365155089
1537,0.44895824870122014,0.44895824870122014,257.25420375216555
1538,0.44697255476629116,0.44697255476629116,253.76046332067318
1539,0.45382922824170518,0.45382922824170518,255.96299693457371
1540,0.43777232563978563,0.43777232563978563,251.72761921002743
1541,0.43833624065453503,0.43833624065453503,253.75846111079437
1542,0.44548260006478724,0.44548260006478724,253.70122988838426
1543,0.4434763223158778,0.4434763223158778,254.2190847905415
1544,0.44356723404901199,0.44356723404901199,253.90822944163773
1545,0.44751427772263963,0.44751427772263963,256.94935891116381
1546,0.44773794065873529,0.44773794065873529,256.39706559455163
1547,0.4415582325994124,0.4415582325994124,253.76156249087353
1548,0.44301527669303986,0.44301527669303986,254.35034851217179
1549,0.45230295478644394,0.45230295478644394,256.24272398820051
1550,0.44559842959644796,0.44559842959644796,257.774225385764
1551,0.44877671887291104,0.44877671887291104,256.39922680453964
1552,0.44593745710572785,0.44593745710572785,257.42927112323952
1553,0.44350640773237499,0.44350640773237499,254.19907598464533
1554,0.45159393138836695,0.45159393138836695,258.67376843959107
1555,0.45116965905967349,0.45116965905967349,258.03482498043235
1556,0.44592481704938836,0.44592481704938836,254.96146968045869
1557,0.44590095958031678,0.44590095958031678,256.81251766596108
1558,0.4351317164959661,0.4351317164959661,251.55522645309412
1559,0.44289677509017056,0.44289677509017056,256.18726754011919
1560,0.45047111376169424,0.45047111376169424,258.13236258124635
1561,0.44673692662456832,0.44673692662456832,253.20747848639581
1562,0.44918571206459312,0.44918571206459312,254.83840525276418
1563,0.44738489979931695,0.44738489979931695,255.12552391197283
1564,0.4463377644225982,0.4463377644225982,253.17725149833805
1565,0.44550408330195818,0.44550408330195818,255.35392694190676
1566,0.442313604359866,0.442313604359866,251.45841399731225
1567,0.43912453971862131,0.43912453971862131,251.07657896321194
1568,0.43451403191434623,0.43451403191434623,246.79566799518307
1569,0.43356263213346569,0.43356263213346569,247.38994288583973
1570,0.43778537966317382,0.43778537966317382,249.62055228022891
1571,0.44041349161695897,0.44041349161695897,249.69807629215364
1572,0.43859720679288428,0.43859720679288428,251.98321221276956
1573,0.43925225700332043,0.43925225700332043,250.98065038657137
1574,0.43670109856586209,0.43670109856586209,248.98147822598904
1575,0.43047853250083123,0.43047853250083123,244.13536261074563
1576,0.44361043764727209,0.44361043764727209,250.58254565066918
1577,0.44912907298778892,0.44912907298778892,253.44511097131922
1578,0.43746615083198559,0.43746615083198559,248.5258910232364
1579,0.44853806807532609,0.44853806807532609,255.44282562702011
1580,0.4384565507854874,0.4384565507854874,251.00888455152227
1581,0.44731816831436461,0.44731816831436461,254.30292133724402
1582,0.43701405407989213,0.43701405407989213,252.31621068327581
1583,0.45042764360312504,0.45042764360312504,255.4010232305198
1584,0.44121206885637632,0.44121206885637632,254.59246219810225
1585,0.4398367386449521,0.4398367386449521,251.96304685896797
1586,0.45087143720526351,0.45087143720526351,256.350038011609
1587,0.45273713969390139,0.45273713969390139,256.50636454452041
1588,0.44427037848057022,0.44427037848057022,251.89576077691126
1589,0.45625889096031036,0.45625889096031036,256.23602800938187
1590,0.44629897234901578,0.44629897234901578,251.59450571034864
1591,0.44276738372285929,0.44276738372285929,247.96792634680673
1592,0.44376961809479437,0.44376961809479437,247.52538654364699
1593,0.45936176035681597,0.45936176035681597,258.44261189839051
1594,0.4350062706991274,0.4350062706991274,243.93969884092047
1595,0.44530637372908749,0.44530637372908749,252.15709909126227
1596,0.44514020110019931,0.44514020110019931,249.66872195935895
1597,0.44942251673367134,0.44942251673367134,254.4355791881174
1598,0.4556100729108753,0.4556100729108753,256.34163827138525
1599,0.45153999220871172,0.45153999220871172,252.87106972441728
1600,0.45573676585999845,0.45573676585999845,256.18144673967316
1601,0.44488409416904079,0.44488409416904079,252.09956872674121
1602,0.44044836725781256,0.44044836725781256,249.79775304599315
1603,0.43358523174522379,0.43358523174522379,248.65046988846467
1604,0.44193168107521935,0.44193168107521935,251.24007151848227
1605,0.43849696020786633,0.43849696020786633,251.44941274995
1606,0.44067338732463579,0.44067338732463579,252.51591198262093
1607,0.44168035434886416,0.44168035434886416,251.82635419589042
1608,0.45311922012931005,0.45311922012931005,256.12328020970347
1609,0.44377186324128992,0.44377186324128992,250.22240624345937
1610,0.45766596717576846,0.45766596717576846,257.2000204670037
1611,0.43841600579295437,0.43841600579295437,248.2487702195603
1612,0.44527197450042771,0.44527197450042771,249.89432589010167
1613,0.45350316943339786,0.45350316943339786,257.60793977443313
1614,0.44149430511587939,0.44149430511587939,249.88755541666052
1615,0.44377032098403457,0.44377032098403457,248.36574093166905
1616,0.45592042516967457,0.45592042516967457,254.66811368194672
1617,0.45620018986374367,0.45620018986374367,254.71451687643247
1618,0.44814422633244055,0.44814422633244055,252.29159049908927
1619,0.44283132851261386,0.44283132851261386,247.51350166126977
1620,0.44505390122052785,0.44505390122052785,251.32909081998051
1621,0.43651611398993184,0.43651611398993184,248.78421156844041
1622,0.44035580023333337,0.44035580023333337,248.62935367778459
1623,0.44061304317797029,0.44061304317797029,248.53749284127608
1624,0.4562006642311035,0.4562006642311035,254.46900716441715
1625,0.44747529077872794,0.44747529077872794,251.73567383165908
1626,0.43578404522837644,0.43578404522837644,245.97405395954033
1627,0.43698970633905787,0.43698970633905787,246.51493299095765
1628,0.43275401124386603,0.43275401124386603,244.99567980188749
1629,0.43974911207918882,0.43974911207918882,248.64493196173697
1630,0.45561293014567772,0.45561293014567772,255.38569426066661
1631,0.44558412765578853,0.44558412765578853,251.22552029498357
1632,0.43849028062677486,0.43849028062677486,247.08915569997012
1633,0.44100586264038349,0.44100586264038349,248.15367452474024
1634,0.45671265801537003,0.45671265801537003,253.46985202600882
1635,0.44984536195249758,0.44984536195249758,251.52174019004275
1636,0.44381116534370263,0.44381116534370263,247.62919962987934
1637,0.44433294896083231,0.44433294896083231,250.15360509052593
1638,0.44917787932415704,0.44917787932415704,253.19841297808293
1639,0.4409755286232932,0.4409755286232932,250.17855940850887
1640,0.44064235249104211,0.44064235249104211,248.4371926497316
1641,0.43835613756525704,0.43835613756525704,247.43788002908681
1642,0.44710726272308621,0.44710726272308621,252.11082817148318
1643,0.45952793040176143,0.45952793040176143,256.58131036535008
1644,0.45780751838045364,0.45780751838045364,257.99339675199315
1645,0.43136870934384303,0.43136870934384303,245.30309006181125
1646,0.44061272305734994,0.44061272305734994,247.89862826939716
1647,0.44983049020882965,0.44983049020882965,254.04978883365249
1648,0.44859619909211174,0.44859619909211174,251.00557196955643
1649,0.44329449097485663,0.44329449097485663,248.68177968860587
1650,0.44838148085578516,0.44838148085578516,250.70708365978126
1651,0.44753710564639126,0.44753710564639126,250.55846123155447
1652,0.45708361650740992,0.45708361650740992,250.66174372508613
1653,0.44825394171868249,0.44825394171868249,249.12029970409009
1654,0.45842357979358345,0.45842357979358345,253.63715605964248
1655,0.46238253129377649,0.46238253129377649,255.75624206532794
1656,0.45554832052959765,0.45554832052959765,254.07308106368365
1657,0.46622318238753591,0.46622318238753591,259.38377472001218
1658,0.45657008830823836,0.45657008830823836,253.75763309337381
1659,0.45700961119796091,0.45700961119796091,255.77686867026699
1660,0.45295429677901389,0.45295429677901389,253.48099474413362
1661,0.44480591174712691,0.44480591174712691,247.28302983898985
1662,0.44983649580016272,0.44983649580016272,252.55110486979675
1663,0.45448859708772638,0.45448859708772638,256.56852000413539
1664,0.45453401770045004,0.45453401770045004,254.80857142812505
1665,0.4566720578624251,0.4566720578624251,257.9188191548559
1666,0.45815749214287826,0.45815749214287826,257.41154330674829
1667,0.44710009350383845,0.44710009350383845,251.48451862751909
1668,0.45597599059513527,0.45597599059513527,255.16111677374519
1669,0.45924110892074232,0.45924110892074232,257.70774287590007
1670,0.45374144381944059,0.45374144381944059,254.61285443601801
1671,0.44818696683756676,0.44818696683756676,252.79572751619162
1672,0.44971826593281145,0.44971826593281145,253.21081571717082
1673,0.44286167137635085,0.44286167137635085,251.10758035609493
1674,0.44176369422770045,0.44176369422770045,249.50814590618455
1675,0.44028251980910005,0.44028251980910005,250.26908733851027
1676,0.44856576196580622,0.44856576196580622,255.9425879235352
1677,0.44499089061827285,0.44499089061827285,251.95167087262197
1678,0.44416235116347946,0.44416235116347946,254.44553764566072
1679,0.44247649345878493,0.44247649345878493,251.11983824912795
1680,0.4393651906955493,0.4393651906955493,252.65163318916649
1681,0.44105929944541133,0.44105929944541133,251.31781627663926
1682,0.44875290723352323,0.44875290723352323,255.94116269782376
1683,0.44766050240468358,0.44766050240468358,253.58366169132131
1684,0.43801583181016551,0.43801583181016551,249.5900372010702
1685,0.44093749187818354,0.44093749187818354,252.23363019865002
1686,0.4363082476277011,0.4363082476277011,249.87449275016985
1687,0.43961776359461419,0.43961776359461419,250.19186801757709
1688,0.44930257997111928,0.44930257997111928,253.95765880790378
1689,0.44602490560817198,0.44602490560817198,250.19351271998585
1690,0.44252802866790264,0.44252802866790264,249.7186326609305
1691,0.43816158776356379,0.43816158776356379,246.97561724327821
1692,0.44869678241913408,0.44869678241913408,254.85956304511245
1693,0.44965664705851999,0.44965664705851999,253.09512006357863
1694,0.44852176654178644,0.44852176654178644,252.34633110310907
1695,0.44823772583943527,0.44823772583943527,253.14426646047787
1696,0.44270455392147667,0.44270455392147667,250.31553717557637
1697,0.43892928279486743,0.43892928279486743,248.43113972481484
1698,0.4349893096538312,0.4349893096538312,247.13063833719306
1699,0.44209879560018306,0.44209879560018306,248.37909927542881
1700,0.43242458129059924,0.43242458129059924,242.05462560314564
1701,0.44626921154333365,0.44626921154333365,249.1142084367294
1702,0.45262284964253235,0.45262284964253235,252.43331625162878
1703,0.45116570441117371,0.45116570441117371,253.92379172678702
1704,0.45311079587696013,0.45311079587696013,252.5662925866659
1705,0.44353874618437139,0.44353874618437139,250.77903204617905
1706,0.44052926926267244,0.44052926926267244,249.03624457390862
1707,0.43987408413943274,0.43987408413943274,248.36304120298428
1708,0.44317441005550401,0.44317441005550401,249.87018675220514
1709,0.43791891208876316,0.43791891208876316,247.89652050590175
1710,0.44196858761822061,0.44196858761822061,251.23119187693155
1711,0.43709546582613407,0.43709546582613407,249.92458166780557
1712,0.43309452602956544,0.43309452602956544,246.12063536727783
1713,0.44071123611396307,0.44071123611396307,248.89167680961546
1714,0.4395604006943219,0.4395604006943219,247.89466505511609
1715,0.44319582097259003,0.44319582097259003,250.0317669993004
1716,0.43558914595449261,0.43558914595449261,247.66889366750215
1717,0.44086498200605539,0.44086498200605539,250.18296878258326
1718,0.4271759244577682,0.4271759244577682,242.71542785908491
1719,0.43795842479905317,0.43795842479905317,249.20572860104622
1720,0.43939838948850884,0.43939838948850884,248.59273620705932
1721,0.44763715916239466,0.44763715916239466,250.99985099360046
1722,0.42504500266932793,0.42504500266932793,237.7821037256152
1723,0.42686517313500172,0.42686517313500172,240.43173104583829
1724,0.43494576554124442,0.43494576554124442,248.39751658120954
1725,0.4439521438204091,0.4439521438204091,252.00644768904348
1726,0.44627957056193612,0.44627957056193612,252.25211503774534
1727,0.44584380581462452,0.44584380581462452,251.78206068208647
1728,0.43913704637338835,0.43913704637338835,249.22887864858384
1729,0.44158712273090828,0.44158712273090828,250.0145680793446
1730,0.43804475684931149,0.43804475684931149,248.95873714610261
1731,0.4308948375566734,0.4308948375566734,247.59961190296491
1732,0.43824288173974396,0.43824288173974396,250.36947343237426
1733,0.43400026941483827,0.43400026941483827,249.75112485083218
1734,0.43635735065990372,0.43635735065990372,248.42337020503049
1735,0.42370879963555536,0.42370879963555536,241.37090444866075
1736,0.4274411074015797,0.4274411074015797,244.15699602667974
1737,0.43242416331813194,0.43242416331813194,247.55688276670594
1738,0.44250819212566705,0.44250819212566705,251.46542387790524
1739,0.43117854520192511,0.43117854520192511,244.38947177199469
1740,0.4282854693731154,0.4282854693731154,243.69766516970034
1741,0.43898872394609006,0.43898872394609006,248.7195093067825
1742,0.42880351211744711,0.42880351211744711,244.03943163961776
1743,0.43984289031232643,0.43984289031232643,249.65112498246032
1744,0.44254304481060303,0.44254304481060303,249.88112339749765
1745,0.43956880071219401,0.43956880071219401,246.39899275831672
1746,0.44110677952176464,0.44110677952176464,247.84486106189524
1747,0.45396746203479488,0.45396746203479488,251.26602105117985
1748,0.44084378436000149,0.44084378436000149,244.70885464979466
1749,0.44370221367442253,0.44370221367442253,246.38197098384111
1750,0.4452669658922595,0.4452669658922595,248.82866817402299
1751,0.4467357907071402,0.4467357907071402,248.92443549064825
1752,0.43979095841321947,0.43979095841321947,247.2662652740004
1753,0.4400943797915905,0.4400943797915905,246.22825575177512
1754,0.43920473265363646,0.43920473265363646,248.63284772438624
1755,0.44757899423796887,0.44757899423796887,253.375218317725
1756,0.44728011250314559,0.44728011250314559,252.26521519056351
1757,0.44627758349150615,0.44627758349150615,252.41657898098416
1758,0.45793996001943099,0.45793996001943099,252.53380685361677
1759,0.44942649075104352,0.44942649075104352,252.09714175931475
1760,0.45832783040788883,0.45832783040788883,253.1103368829863
1761,0.45279512510137732,0.45279512510137732,252.79092233189584
1762,0.44834609744989756,0.44834609744989756,250.61848781133904
1763,0.44081707673594428,0.44081707673594428,246.0340677160647
1764,0.4458189308985635,0.4458189308985635,249.31469846163412
1765,0.44760002124538001,0.44760002124538001,250.8891789664064
1766,0.43394441838530201,0.43394441838530201,245.47688883185424
1767,0.44403917604300308,0.44403917604300308,250.84869712307173
1768,0.43191499335263783,0.43191499335263783,244.38589661280452
1769,0.43510469574563337,0.43510469574563337,246.69391502011817
1770,0.43848567317022191,0.43848567317022191,248.34350246784138
1771,0.43540169318263933,0.43540169318263933,248.93681229440671
1772,0.43418583860991344,0.43418583860991344,246.53121645652018
1773,0.43802370979925509,0.43802370979925509,248.98984517858707
1774,0.44037006256747679,0.44037006256747679,250.25558684377512
1775,0.43772486004064887,0.43772486004064887,245.05642922646484
1776,0.43801480738316317,0.43801480738316317,246.79578030623708
1777,0.441219463452655,0.441219463452655,248.38854733337402
1778,0.44789568503936489,0.44789568503936489,251.13487304790891
1779,0.44638006014840215,0.44638006014840215,252.4050925084934
1780,0.44266107275984784,0.44266107275984784,252.14524163746364
1781,0.43083440251645888,0.43083440251645888,244.03929104097773
1782,0.435466802172634,0.435466802172634,246.11840005038934
1783,0.44662892048556263,0.44662892048556263,251.68538442930912
1784,0.4344050287503447,0.4344050287503447,245.11152512192672
1785,0.44275636092387549,0.44275636092387549,250.99289568271942
1786,0.43498091109728942,0.43498091109728942,249.04968596382923
1787,0.44691027177475268,0.44691027177475268,253.86121532692476
1788,0.43581917535030873,0.43581917535030873,247.95217917631709
1789,0.43920330261835538,0.43920330261835538,250.68784741412506
1790,0.42618842921003008,0.42618842921003008,242.16485738201067
1791,0.44103171934739577,0.44103171934739577,252.81311419983822
1792,0.43315959387306702,0.43315959387306702,245.09811078280367
1793,0.43877500608200243,0.43877500608200243,250.88810149914326
1794,0.42942281987679493,0.42942281987679493,242.17142554871876
1795,0.43420362884997338,0.43420362884997338,244.81126654815253
1796,0.43487819211483575,0.43487819211483575,244.87547283740514
1797,0.43239461958600289,0.43239461958600289,245.98094373274043
1798,0.43802251099850659,0.43802251099850659,246.35677697846609
1799,0.43848514102919028,0.43848514102919028,246.65774696284385
1800,0.43789984189205172,0.43789984189205172,249.72324470051126
1801,0.43918526686319642,0.43918526686319642,246.36361683572886
1802,0.44799122914000711,0.44799122914000711,252.6611247025067
1803,0.43825672532676502,0.43825672532676502,247.86279150511481
1804,0.41980119560900303,0.41980119560900303,238.70441214481656
1805,0.443074379320268,0.443074379320268,250.49029751875997
1806,0.43075118883656122,0.43075118883656122,246.44567167332758
1807,0.43626601541860444,0.43626601541860444,246.81226995202877
1808,0.42736229634384715,0.42736229634384715,241.86414922678733
1809,0.43313349741630719,0.43313349741630719,244.57336110155447
1810,0.44478399399227986,0.44478399399227986,250.28313491457419
1811,0.4380147701102482,0.4380147701102482,245.64278278053197
1812,0.42937481728410792,0.42937481728410792,242.39943566067373
1813,0.43161078801720354,0.43161078801720354,244.07594593779467
1814,0.44125579447557994,0.44125579447557994,248.11329164676391
1815,0.44689050478292602,0.44689050478292602,250.32139696554242
1816,0.45482285350771107,0.45482285350771107,252.78784528008299
1817,0.46064740210778493,0.46064740210778493,251.55558678106559
1818,0.45999451862178142,0.45999451862178142,252.07684483131465
1819,0.46031936053941325,0.46031936053941325,250.12263166373231
1820,0.46344210583353157,0.46344210583353157,252.93564187636667
1821,0.45583818351151173,0.45583818351151173,253.27630914980347
1822,0.45814502269415136,0.45814502269415136,254.76464765160136
1823,0.4536355878926317,0.4536355878926317,248.91466956321977
1824,0.456947739534875,0.456947739534875,249.87616441630547
1825,0.4619772660061362,0.4619772660061362,253.23212056481353
1826,0.45207352031570658,0.45207352031570658,248.33252803112231
1827,0.45079655302122479,0.45079655302122479,246.7464868144362
1828,0.46102575514527083,0.46102575514527083,249.93086796677048
1829,0.45012972001508295,0.45012972001508295,247.4726792731247
1830,0.45941720799764846,0.45941720799764846,254.2817362814053
1831,0.45233113661626084,0.45233113661626084,248.82869610515826
1832,0.45062982906510324,0.45062982906510324,248.80825326145865
1833,0.45310959992400646,0.45310959992400646,252.05202796293088
1834,0.458135566616024,0.458135566616024,249.34116021650092
1835,0.45846299492997244,0.45846299492997244,250.04261807629027
1836,0.45875812425577644,0.45875812425577644,250.98253231619384
1837,0.4534502817759033,0.4534502817759033,246.66225175685059
1838,0.45707530558058929,0.45707530558058929,250.30028244565406
1839,0.45356077911880688,0.45356077911880688,246.01922911788793
1840,0.46402441212213202,0.46402441212213202,250.08625089051625
1841,0.46219984785816315,0.46219984785816315,249.01316248392905
1842,0.46707494322545645,0.46707494322545645,253.07103816173299
1843,0.45064349148059391,0.45064349148059391,246.63942913732808
1844,0.4494110401600756,0.4494110401600756,245.56552719647397
1845,0.45402864208244242,0.45402864208244242,250.57530895332533
1846,0.46255699105727477,0.46255699105727477,252.07280229467852
1847,0.46863723845424532,0.46863723845424532,253.69918811597122
1848,0.46638857918118876,0.46638857918118876,252.89236839599934
1849,0.4569501240805508,0.4569501240805508,249.94109405398848
1850,0.44849233375538616,0.44849233375538616,247.36277267580121
1851,0.46070230963234876,0.46070230963234876,253.83624418228902
1852,0.46225917960778451,0.46225917960778451,253.80888305884596
1853,0.46375655011642403,0.46375655011642403,252.82994122614292
1854,0.45454657894994599,0.45454657894994599,251.12648284464041
1855,0.4556556067235647,0.4556556067235647,249.91609992092853
1856,0.44778725178431439,0.44778725178431439,249.79460812124202
1857,0.44640391361176129,0.44640391361176129,245.69456572841113
1858,0.45229988615603567,0.45229988615603567,249.71519996399189
1859,0.45655061566469363,0.45655061566469363,251.06682303655333
1860,0.45404298837174839,0.45404298837174839,249.20834181678964
1861,0.45431552101606665,0.45431552101606665,248.01110795061498
1862,0.46466738559002885,0.46466738559002885,253.62358483622174
1863,0.45734937060898045,0.45734937060898045,252.54800939626529
1864,0.4677966011675439,0.4677966011675439,254.9195593088551
1865,0.44264764290107372,0.44264764290107372,243.59873723218143
1866,0.44881494416704226,0.44881494416704226,247.13917110905578
1867,0.45540390609162601,0.45540390609162601,250.27746379940822
1868,0.46830526607442391,0.46830526607442391,254.87851431374912
1869,0.45364860607747481,0.45364860607747481,247.96684396468072
1870,0.44390796082757927,0.44390796082757927,243.81801999483523
1871,0.44967012322280225,0.44967012322280225,250.58897430149091
1872,0.4558451105358004,0.4558451105358004,250.76431334358736
1873,0.45008498118169682,0.45008498118169682,250.17783492096083
1874,0.4503922750107156,0.4503922750107156,248.67113131304205
1875,0.45561901299931612,0.45561901299931612,252.17977953513378
1876,0.4511239224483316,0.4511239224483316,250.69643290049436
1877,0.4377573819313591,0.4377573819313591,242.72028793369427
1878,0.45859508287730472,0.45859508287730472,253.81455626771123
1879,0.44636403589033175,0.44636403589033175,248.38159608850552
1880,0.45235582591078521,0.45235582591078521,252.36082199537478
1881,0.4381795315017466,0.4381795315017466,247.09217753175835
1882,0.4486694947733576,0.4486694947733576,249.99960349106945
1883,0.44785870297942382,0.44785870297942382,249.41208744354418
1884,0.44808447806270946,0.44808447806270946,246.65064467887413
1885,0.44997925833032609,0.44997925833032609,247.90191899251303
1886,0.4523970893810797,0.4523970893810797,251.04057481560477
1887,0.45338210531061013,0.45338210531061013,247.02590623933747
1888,0.45401271657430992,0.45401271657430992,251.1350904196278
1889,0.45467478021296087,0.45467478021296087,252.9044134448142
1890,0.45769120901504506,0.45769120901504506,252.76511091907309
1891,0.45612332863900268,0.45612332863900268,251.60786472575583
1892,0.45606818920611703,0.45606818920611703,249.89778902694471
1893,0.45792325536458056,0.45792325536458056,255.36222111380704
1894,0.44989413528107419,0.44989413528107419,251.94181010578262
1895,0.43738200369040803,0.43738200369040803,249.84344945821607
1896,0.45404586353670473,0.45404586353670473,254.67615248636429
1897,0.44883509770335983,0.44883509770335983,252.0136168777442
1898,0.44956617875108112,0.44956617875108112,249.84976571176699
1899,0.44291725428242251,0.44291725428242251,245.71142235214273
1900,0.44521464317049214,0.44521464317049214,247.58278945125366
1901,0.45104094314907578,0.45104094314907578,254.01941954007438
1902,0.44505824358830015,0.44505824358830015,248.69477468782969
1903,0.45401298643580201,0.45401298643580201,250.441312853292
1904,0.45295435576234083,0.45295435576234083,251.02215867594094
1905,0.45369559609143389,0.45369559609143389,252.43805294569157
1906,0.46054211380308613,0.46054211380308613,255.60435452827315
1907,0.44957702559555901,0.44957702559555901,249.62904085958658
1908,0.45662882069529465,0.45662882069529465,252.16323376061035
1909,0.45267353359044665,0.45267353359044665,252.76762603946418
1910,0.45093088201444875,0.45093088201444875,251.85311055725191
1911,0.43898415311671901,0.43898415311671901,246.90996097319976
1912,0.45234341748395879,0.45234341748395879,250.10894601337478
1913,0.44028044409135542,0.44028044409135542,246.44469238214907
1914,0.44601818971999146,0.44601818971999146,244.66183805398046
1915,0.44883978817379716,0.44883978817379716,247.71267353386966
1916,0.44008181059124751,0.44008181059124751,243.41272111359075
1917,0.43052359964739606,0.43052359964739606,238.3919094546464
1918,0.4385858719923249,0.4385858719923249,242.21073248662873
1919,0.45613346827327927,0.45613346827327927,249.08790390974733
1920,0.45754167547508295,0.45754167547508295,250.51639032026333
1921,0.45222834233272352,0.45222834233272352,248.60165301370361
1922,0.45142494475524481,0.45142494475524481,248.09548957021306
1923,0.46414204941315002,0.46414204941315002,253.21036878589115
1924,0.46452089975340388,0.46452089975340388,253.78317020125442
1925,0.45175782572555728,0.45175782572555728,246.71682809878627
1926,0.46500285056541246,0.46500285056541246,252.38051675814373
1927,0.46284790158402184,0.46284790158402184,250.00835185336601
1928,0.46217866719645684,0.46217866719645684,254.18840940016798
1929,0.46693280101620438,0.46693280101620438,254.61049742518199
1930,0.45959387583547606,0.45959387583547606,249.72198104327921
1931,0.45667382879953422,0.45667382879953422,248.64412031813839
1932,0.46698355735474306,0.46698355735474306,255.87412656543697
1933,0.44270233847586782,0.44270233847586782,245.1004109990638
1934,0.44644958364886317,0.44644958364886317,246.82688056567872
1935,0.45533035240112429,0.45533035240112429,252.19346273523979
1936,0.45250611108226729,0.45250611108226729,252.40717418868272
1937,0.46412738139675358,0.46412738139675358,257.88123453988226
1938,0.44994942625998713,0.44994942625998713,250.00235322835186
1939,0.46251587732446281,0.46251587732446281,258.80376654802228
1940,0.45616940990579885,0.45616940990579885,252.75702555159401
1941,0.45819081393153843,0.45819081393153843,252.41535100504544
1942,0.45508794062778068,0.45508794062778068,251.45379302724547
1943,0.45933081317481622,0.45933081317481622,251.75009507890582
1944,0.46403994048428743,0.46403994048428743,253.45277679846259
1945,0.46251258651408733,0.46251258651408733,251.24298442445038
1946,0.46247246968389771,0.46247246968389771,255.17818662422337
1947,0.45814423902767959,0.45814423902767959,249.99630315871332
1948,0.47441550751796624,0.47441550751796624,255.30331161422583
1949,0.4677262801388074,0.4677262801388074,253.48235723393663
1950,0.46795602332779496,0.46795602332779496,254.63766217077713
1951,0.47891079647116203,0.47891079647116203,256.64329357337959
1952,0.47971948046043422,0.47971948046043422,255.97621198385187
1953,0.47392233574298892,0.47392233574298892,258.22034995626939
1954,0.45800082628371663,0.45800082628371663,248.40519117475202
1955,0.4600633783838739,0.4600633783838739,251.94460838241403
1956,0.46197842213018336,0.46197842213018336,253.34431502007828
1957,0.46675809150818859,0.46675809150818859,255.49220204526517
1958,0.46205748137862512,0.46205748137862512,252.79445203412214
1959,0.46168212334648573,0.46168212334648573,251.13359449664986
1960,0.46763736474900464,0.46763736474900464,258.02206891534263
1961,0.4699191602060438,0.4699191602060438,260.73524332228976
1962,0.46064257392387387,0.46064257392387387,251.27899666912708
1963,0.45341319866725005,0.45341319866725005,249.93430087391798
1964,0.45910247700597839,0.45910247700597839,252.69805186935704
1965,0.4577973348161718,0.4577973348161718,254.05338681081429
1966,0.4594542787451551,0.4594542787451551,254.2523998816564
1967,0.46141316655524045,0.46141316655524045,251.11711394424719
1968,0.47063016761989918,0.47063016761989918,256.22260756782464
1969,0.46687013576668068,0.46687013576668068,254.08400078287983
1970,0.47885517504900132,0.47885517504900132,257.50082599224237
1971,0.4719920226285958,0.4719920226285958,253.71465669393939
1972,0.48692784006472933,0.48692784006472933,262.57413913756079
1973,0.48364310205125227,0.48364310205125227,258.83222502091502
1974,0.48279347864431105,0.48279347864431105,257.25157783859993
1975,0.48498499539325185,0.48498499539325185,259.24215008357407
1976,0.48256385272427871,0.48256385272427871,257.58365466815485
1977,0.47465704446209545,0.47465704446209545,251.06684331299365
1978,0.48294681609627582,0.48294681609627582,256.24765890407508
1979,0.4888900000256905,0.4888900000256905,260.07467921058822
1980,0.46923480510339621,0.46923480510339621,251.13426480443974
1981,0.47118952456164626,0.47118952456164626,256.22100251671674
1982,0.48130125650093947,0.48130125650093947,260.25828983151916
1983,0.48166923474329187,0.48166923474329187,260.65000990253969
1984,0.48545163001208297,0.48545163001208297,260.72817138960897
1985,0.47611155004659722,0.47611155004659722,256.98651437627831
1986,0.48138770611921711,0.48138770611921711,259.31636985720837
1987,0.47681283907194594,0.47681283907194594,255.6260528938663
1988,0.47781006072960019,0.47781006072960019,259.91357391869815
1989,0.4633747529240469,0.4633747529240469,253.37293963409644
1990,0.46916158774020988,0.46916158774020988,257.21028337595828
1991,0.45699005467221204,0.45699005467221204,250.7215889243821
1992,0.46689574595079686,0.46689574595079686,259.76010163156224
1993,0.45523009523123487,0.45523009523123487,253.56747954853267
1994,0.45945407522006532,0.45945407522006532,254.31487974708745
1995,0.45788961399169803,0.45788961399169803,255.18931709342323
1996,0.46489677362360321,0.46489677362360321,255.79603505052373
1997,0.4709546395512077,0.4709546395512077,257.22380473157205
1998,0.46014799526451033,0.46014799526451033,249.92643816956252
1999,0.46612174586196875,0.46612174586196875,258.03650705395614
2000,0.46690247186847067,0.46690247186847067,258.62058068774212
2001,0.46975777086572246,0.46975777086572246,258.00085726960549
2002,0.45511532742051958,0.45511532742051958,252.11293885487589
2003,0.46374008570054492,0.46374008570054492,253.27820657748345
2004,0.47107573337686642,0.47107573337686642,257.76228651277762
2005,0.47381325440152694,0.47381325440152694,257.88681941448334
2006,0.47859650079113764,0.47859650079113764,259.88197651265108
2007,0.46310623626994002,0.46310623626994002,251.14242989516521
2008,0.4739222229345712,0.4739222229345712,257.783690259948
2009,0.482740501400097,0.482740501400097,258.94475915513709
2010,0.48715147872615844,0.48715147872615844,261.31094601676148
2011,0.46935902465706941,0.46935902465706941,253.05936781561576
2012,0.4706531083748528,0.4706531083748528,255.17922622059541
2013,0.47910994523004635,0.47910994523004635,257.91154069737195
2014,0.48191659501273792,0.48191659501273792,261.26317852271939
2015,0.47718629708142712,0.47718629708142712,260.17368542946298
2016,0.47765449926912096,0.47765449926912096,260.98620102382216
2017,0.46108360375899621,0.46108360375899621,253.358021210397
2018,0.4775434604795038,0.4775434604795038,261.84862085568147
2019,0.46918689108795741,0.46918689108795741,256.4633368596933
2020,0.46873063176119273,0.46873063176119273,257.13455557873084
2021,0.4692402172228588,0.4692402172228588,258.93022932656908
2022,0.47337654874057111,0.47337654874057111,260.79292048093595
2023,0.46740110755808129,0.46740110755808129,257.43577813450395
2024,0.45883662721561436,0.45883662721561436,255.33535703434353
2025,0.44777828761882182,0.44777828761882182,249.16512518795349
2026,0.45485218231861835,0.45485218231861835,253.46963440209734
2027,0.45809872264547036,0.45809872264547036,254.73761192398766
2028,0.45954801801669037,0.45954801801669037,258.18750517652614
2029,0.45442516404301908,0.45442516404301908,252.02300360804998
2030,0.46000884413524706,0.46000884413524706,256.01717288220522
2031,0.4575274065894484,0.4575274065894484,255.97461469884462
2032,0.45729281268674693,0.45729281268674693,254.84611828286143
2033,0.46353903838918348,0.46353903838918348,258.92475257387105
2034,0.4580179751336737,0.4580179751336737,255.40924092547203
2035,0.45495080984030567,0.45495080984030567,255.3394136301925
2036,0.45316038990097951,0.45316038990097951,250.51235131676282
2037,0.45103850975134724,0.45103850975134724,249.30601102244162
2038,0.44766676746414574,0.44766676746414574,251.83291211784825
2039,0.45198840961570824,0.45198840961570824,252.73357174146184
2040,0.4490295558928693,0.4490295558928693,247.555422808027
2041,0.43790921255471604,0.43790921255471604,245.92924500648195
2042,0.43821238187276884,0.43821238187276884,246.22338256580593
2043,0.44454469951800063,0.44454469951800063,248.55976460839807
2044,0.4500870704148493,0.4500870704148493,249.503933886206
2045,0.44358971198254721,0.44358971198254721,246.64823315676398
2046,0.45283282117245482,0.45283282117245482,252.26538578348519
2047,0.44708111503259174,0.44708111503259174,249.35911295339929
2048,0.45693711470008147,0.45693711470008147,252.4345140031665
2049,0.45376108315762165,0.45376108315762165,250.91329925976987
2050,0.45254191013930695,0.45254191013930695,251.45813346501419
2051,0.46113449177792465,0.46113449177792465,253.29214023189061
2052,0.46826735732842845,0.46826735732842845,256.78010878147018
2053,0.4650996051712476,0.4650996051712476,255.36259119521779
2054,0.4595504602655528,0.4595504602655528,252.89915281676332
2055,0.45575443433424423,0.45575443433424423,248.15724057070383
2056,0.46780908514548225,0.46780908514548225,254.54149874927049
2057,0.46165438418911647,0.46165438418911647,254.13912097930967
2058,0.45365641145157598,0.45365641145157598,250.49430560942332
2059,0.45692831217664442,0.45692831217664442,250.39612289274305
2060,0.46259340780426894,0.46259340780426894,251.89042948796092
2061,0.4677715277685402,0.4677715277685402,255.51932385521295
2062,0.46353365456972062,0.46353365456972062,251.6371736891374
2063,0.45957877261420188,0.45957877261420188,251.8534119575117
2064,0.46254384315422925,0.46254384315422925,252.49820946069599
2065,0.45891776758914754,0.45891776758914754,250.53647782126671
2066,0.47321523843991431,0.47321523843991431,257.8604011344849
2067,0.46114479645160189,0.46114479645160189,252.35382833961071
2068,0.46516431495695343,0.46516431495695343,254.74854876165887
2069,0.46231512598195917,0.46231512598195917,253.69792774581651
2070,0.46970086091570556,0.46970086091570556,256.36103990289956
2071,0.45795118115407768,0.45795118115407768,256.36095780527523
2072,0.46057643838471246,0.46057643838471246,253.52534008699894
2073,0.47330772000874183,0.47330772000874183,259.89609972539699
2074,0.46828936552601241,0.46828936552601241,255.39376859836688
2075,0.47381081528661018,0.47381081528661018,256.18805114831014
2076,0.4610037525394291,0.4610037525394291,253.18387365416055
2077,0.47122056479445923,0.47122056479445923,256.4177791823443
2078,0.46870980642781684,0.46870980642781684,255.12930153190055
2079,0.46127989096710342,0.46127989096710342,255.82703649306191
2080,0.47101529961025196,0.47101529961025196,256.07084939429308
2081,0.46922771081548464,0.46922771081548464,255.92542500833034
2082,0.47518796456323897,0.47518796456323897,256.38504392959919
2083,0.46282250084827742,0.46282250084827742,250.24843346377278
2084,0.4714919587199991,0.4714919587199991,256.37457481444289
2085,0.47576371064641726,0.47576371064641726,256.20054251719705
2086,0.47538177682632571,0.47538177682632571,257.13742050202916
2087,0.47481565441884988,0.47481565441884988,257.3666360292313
2088,0.46510966875370485,0.46510966875370485,256.59568420037027
2089,0.46608104592782612,0.46608104592782612,258.41583551813812
2090,0.46418236140602076,0.46418236140602076,256.90918957853881
2091,0.45229838140231154,0.45229838140231154,248.23174658120706
2092,0.46373779643700069,0.46373779643700069,256.8461608350907
2093,0.46492777975965777,0.46492777975965777,254.43125294958949
2094,0.46072225908042447,0.46072225908042447,255.5116880806325
2095,0.46628014968317349,0.46628014968317349,257.8123549337875
2096,0.46231494420987662,0.46231494420987662,253.15872945235279
2097,0.47488809553999378,0.47488809553999378,259.86017346337752
2098,0.47048330978492914,0.47048330978492914,258.71443402087579
2099,0.4718268480982209,0.4718268480982209,258.16283737216537
2100,0.4771466377445896,0.4771466377445896,259.91642242274645
2101,0.46753071180971906,0.46753071180971906,253.53387094266373
2102,0.47254298164688147,0.47254298164688147,257.86453451051233
2103,0.47530096139665312,0.47530096139665312,261.57387587175492
2104,0.47282159847165772,0.47282159847165772,259.19081706814114
2105,0.47963240751741038,0.47963240751741038,262.06094136648187
2106,0.48187818887430633,0.48187818887430633,264.06683719395227
2107,0.48910968261324683,0.48910968261324683,265.055686772716
2108,0.47290328191544556,0.47290328191544556,254.75204304334875
2109,0.49086651537022563,0.49086651537022563,262.52293446998902
2110,0.49198748949837301,0.49198748949837301,260.51811678901242
2111,0.48531313969168749,0.48531313969168749,259.40541333428547
2112,0.47611903916055259,0.47611903916055259,256.68926864524411
2113,0.47089127860634117,0.47089127860634117,255.28467118863463
2114,0.47084614985478729,0.47084614985478729,252.20158646490714
2115,0.47022845409084252,0.47022845409084252,255.05665461144341
2116,0.4795526567099655,0.4795526567099655,258.73690201147514
2117,0.47601583321254431,0.47601583321254431,258.35176441772808
2118,0.48158833295820608,0.48158833295820608,259.02709342051253
2119,0.46528008184601199,0.46528008184601199,250.15494996363037
2120,0.4888342821805442,0.4888342821805442,262.41042261481255
2121,0.47820954041959274,0.47820954041959274,260.84651049867546
2122,0.47429741839587941,0.47429741839587941,259.40114714815854
2123,0.47258190840323461,0.47258190840323461,256.44762077957995
2124,0.47010554525932802,0.47010554525932802,257.05179437194022
2125,0.48163876448369275,0.48163876448369275,262.27875942189291
2126,0.47243137975908267,0.47243137975908267,255.09163509940078
2127,0.47768612528582877,0.47768612528582877,256.26760527794636
2128,0.47763719623347256,0.47763719623347256,256.16680437204036
2129,0.47251069877517365,0.47251069877517365,257.28726132058085
2130,0.47282484077103676,0.47282484077103676,257.75653581677045
2131,0.47408931498179196,0.47408931498179196,257.34032229792649
2132,0.46291245334276665,0.46291245334276665,249.89459364711439
2133,0.47194513199166488,0.47194513199166488,257.29584962623028
2134,0.46916355934064508,0.46916355934064508,257.41822448725202
2135,0.47546193336324133,0.47546193336324133,260.41329174596387
2136,0.47105015514814264,0.47105015514814264,257.64567162784692
2137,0.47800185292520359,0.47800185292520359,257.3572520974036
2138,0.48593139349753567,0.48593139349753567,261.10979538495008
2139,0.47390119215421284,0.47390119215421284,258.09602577360113
2140,0.47867694790736637,0.47867694790736637,259.2986960801901
2141,0.47376743062792104,0.47376743062792104,256.86060075698231
2142,0.4762657266513175,0.4762657266513175,258.07216983310576
2143,0.47378790095522427,0.47378790095522427,257.35228921669676
2144,0.46544627682661899,0.46544627682661899,253.71200245408659
2145,0.46666822851570988,0.46666822851570988,254.38686707808174
2146,0.46760415999290561,0.46760415999290561,256.43901386046616
2147,0.47500478815960018,0.47500478815960018,259.38276091899343
2148,0.47363155378707023,0.47363155378707023,256.37226159857977
2149,0.47496073128317351,0.47496073128317351,257.55411771421529
2150,0.47645469741672458,0.47645469741672458,256.48640992277785
2151,0.4792380301337561,0.4792380301337561,258.7891647452247
2152,0.47952538096844782,0.47952538096844782,259.71238798910787
2153,0.47703554115174907,0.47703554115174907,259.61055874389319
2154,0.47670241832709587,0.47670241832709587,259.68784070689071
2155,0.47584225154918425,0.47584225154918425,258.19353480778017
2156,0.46748524710956685,0.46748524710956685,255.48960135435746
2157,0.45365505634429903,0.45365505634429903,248.81162929606279
2158,0.4570403077287522,0.4570403077287522,252.95699497950471
2159,0.45985364952181473,0.45985364952181473,254.79412727612763
2160,0.47220660452082458,0.47220660452082458,258.61785294343701
2161,0.47318172509919332,0.47318172509919332,257.88031834834476
2162,0.46514866144117245,0.46514866144117245,255.50061135046008
2163,0.47907388811191565,0.47907388811191565,260.5927735040076
2164,0.47786413445464221,0.47786413445464221,257.11100965580698
2165,0.47810973591207528,0.47810973591207528,258.8254895494801
2166,0.4839453628738144,0.4839453628738144,260.34180172748086
2167,0.47343866366205056,0.47343866366205056,255.55447696965842
2168,0.47909071611553672,0.47909071611553672,261.582816392133
2169,0.47201816057343465,0.47201816057343465,258.83536448728807
2170,0.4770816520476856,0.4770816520476856,260.8471716175178
2171,0.46446892059962258,0.46446892059962258,256.1406684388258
2172,0.47276374953137401,0.47276374953137401,260.6658513185547
2173,0.46974035628990174,0.46974035628990174,259.27099089317079
2174,0.47466036502851017,0.47466036502851017,259.80308930702734
2175,0.47741929785809967,0.47741929785809967,260.69978655866697
2176,0.47969643192856803,0.47969643192856803,260.24306190156091
2177,0.47439729742391074,0.47439729742391074,257.62314074617314
2178,0.47573340141231918,0.47573340141231918,258.63851717308506
2179,0.46850493886380151,0.46850493886380151,254.48195221796695
2180,0.46802080056426593,0.46802080056426593,255.20663204653988
2181,0.47014086884989226,0.47014086884989226,260.02170478672775
2182,0.45926154410711001,0.45926154410711001,250.81247139688176
2183,0.46776999721175255,0.46776999721175255,256.5181357883435
2184,0.47281302273031756,0.47281302273031756,256.85945487745823
2185,0.4635710533047715,0.4635710533047715,254.85356274120286
2186,0.45917969714866869,0.45917969714866869,253.44468926158402
2187,0.47033556936560023,0.47033556936560023,255.38155439504399
2188,0.46822843433246114,0.46822843433246114,253.39320763932227
2189,0.47059078252285425,0.47059078252285425,257.95587816788856
2190,0.47166189891322385,0.47166189891322385,254.14378259421318
2191,0.4749326746806094,0.4749326746806094,255.60270021783035
2192,0.47834627932104967,0.47834627932104967,255.51448443228975
2193,0.47923193580581547,0.47923193580581547,254.72755984929668
2194,0.46620501799564273,0.46620501799564273,247.36051290686683
2195,0.46214944992446838,0.46214944992446838,249.26506241957091
2196,0.47075312931386326,0.47075312931386326,256.32634173082499
2197,0.47216624642192295,0.47216624642192295,256.69587200317744
2198,0.4644069572391703,0.4644069572391703,251.77813812903383
2199,0.47534403697873967,0.47534403697873967,257.49164220669871
2200,0.47505740008137981,0.47505740008137981,255.98863288035483
2201,0.4718240984138381,0.4718240984138381,255.77311704595405
2202,0.45337195523312401,0.45337195523312401,248.67963061867309
2203,0.45821974485262479,0.45821974485262479,250.67714474752466
2204,0.46244046594517074,0.46244046594517074,251.2298986002082
2205,0.47412398132107719,0.47412398132107719,256.28885583604858
2206,0.45182757229392284,0.45182757229392284,246.75099123851652
2207,0.46372192072726232,0.46372192072726232,249.22337720676404
2208,0.46723488961876658,0.46723488961876658,252.17739388074216
2209,0.46491909166948442,0.46491909166948442,250.87578133991323
2210,0.46074051308081537,0.46074051308081537,249.27708876834953
2211,0.46729049115863397,0.46729049115863397,252.9957276693213
2212,0.45642375587008371,0.45642375587008371,249.29111952680393
2213,0.45452284795478642,0.45452284795478642,248.53403531390646
2214,0.4600644950103957,0.4600644950103957,251.05897279238769
2215,0.46253946613210511,0.46253946613210511,251.88205351000087
2216,0.46224895332840577,0.46224895332840577,249.86380432357274
2217,0.47148784089345552,0.47148784089345552,254.43750802738322
2218,0.46496135244050407,0.46496135244050407,252.33620976548363
2219,0.47786781322944555,0.47786781322944555,258.06910947364418
2220,0.46685459212690894,0.46685459212690894,254.10734372009696
2221,0.46112381338786818,0.46112381338786818,251.18729549212148
2222,0.45894229525738606,0.45894229525738606,251.50830712885744
2223,0.46531931447297026,0.46531931447297026,252.06949030062168
2224,0.47034236045748506,0.47034236045748506,255.00337760625644
2225,0.46666474436632788,0.46666474436632788,252.94863388234825
2226,0.45713404771319927,0.45713404771319927,248.77959307236364
2227,0.46369293739057316,0.46369293739057316,251.53788467774774
2228,0.46602944937419666,0.46602944937419666,252.04754427604371
2229,0.46965319138750417,0.46965319138750417,253.9481340459397
2230,0.46824790501199931,0.46824790501199931,252.68874392329991
2231,0.46597156973781012,0.46597156973781012,250.67756389056325
2232,0.46797203321486058,0.46797203321486058,251.27112143768892
2233,0.47884286707829882,0.47884286707829882,256.78788060652596
2234,0.47384633161318729,0.47384633161318729,255.38076995104234
2235,0.46748658758635686,0.46748658758635686,253.65031968921556
2236,0.45907539064530284,0.45907539064530284,251.88549785736717
2237,0.46486013840547341,0.46486013840547341,251.30587639799592
2238,0.46936152793754993,0.46936152793754993,252.21299908443947
2239,0.47693188128049507,0.47693188128049507,259.85677898657229
2240,0.46918186782626581,0.46918186782626581,255.74555135859492
2241,0.47422094549810334,0.47422094549810334,256.50241405248437
2242,0.45660665175111365,0.45660665175111365,250.92119220832228
2243,0.46816785179684162,0.46816785179684162,253.95684334994249
2244,0.46642206249546103,0.46642206249546103,254.36747970779584
2245,0.47175154177808409,0.47175154177808409,255.77965228853381
2246,0.47799382929549206,0.47799382929549206,259.06842368960395
2247,0.48283598639345415,0.48283598639345415,260.87395208461754
2248,0.47012509278416248,0.47012509278416248,254.33225673081239
2249,0.47377683563370193,0.47377683563370193,255.97084060391626
2250,0.47191813549049755,0.47191813549049755,253.68972315261482
2251,0.46449464219309683,0.46449464219309683,252.88550304209852
2252,0.47342110371248419,0.47342110371248419,254.80397939019886
2253,0.47672411720801849,0.47672411720801849,256.051547840799
2254,0.47963391233130925,0.47963391233130925,257.64061329264069
2255,0.46550673700505357,0.46550673700505357,252.5940145450385
2256,0.45789155238730811,0.45789155238730811,249.91654972076299
2257,0.4672735220817219,0.4672735220817219,252.52085721714548
2258,0.45395388080892635,0.45395388080892635,245.49657638333633
2259,0.46017582165929749,0.46017582165929749,249.40884281829955
2260,0.47082378335092406,0.47082378335092406,255.11281719339959
2261,0.46661832380717916,0.46661832380717916,253.3674526222936
2262,0.46376495135408058,0.46376495135408058,253.11660173189676
2263,0.46356604400896834,0.46356604400896834,251.27943216971033
2264,0.45822700063131128,0.45822700063131128,251.11880017583263
2265,0.45970765867789443,0.45970765867789443,251.93900915470562
2266,0.45268026270554385,0.45268026270554385,246.98710511954377
2267,0.45290736019467281,0.45290736019467281,251.88128028178093
2268,0.4577974453610586,0.4577974453610586,249.76906284438505
2269,0.43989416682249372,0.43989416682249372,239.43585972692989
2270,0.45451845120547085,0.45451845120547085,247.02822980748948
2271,0.44341374491977642,0.44341374491977642,240.27322887770998
2272,0.46065424301701158,0.46065424301701158,248.10379297575128
2273,0.46494173847682568,0.46494173847682568,251.16799136746349
2274,0.46225385836208738,0.46225385836208738,251.52983100485699
2275,0.45742523047192696,0.45742523047192696,247.6148359451403
2276,0.46465651932260882,0.46465651932260882,250.58942649057764
2277,0.45899489261214754,0.45899489261214754,251.40487573591267
2278,0.45674985141603469,0.45674985141603469,248.52290415729948
2279,0.45609803195390636,0.45609803195390636,248.89594269699697
2280,0.46421555224658106,0.46421555224658106,249.50945787377682
2281,0.45959138267343314,0.45959138267343314,246.19000041641803
2282,0.46514122329172214,0.46514122329172214,252.01848480369728
2283,0.46662281626877072,0.46662281626877072,253.17909872201795
2284,0.47390543644242011,0.47390543644242011,254.91218140834584
2285,0.47503787659272662,0.47503787659272662,257.30212211781327
2286,0.48135418470626651,0.48135418470626651,258.87763648078595
2287,0.46211210104955941,0.46211210104955941,250.92732021604053
2288,0.47254307912148397,0.47254307912148397,255.64577815788067
2289,0.46419803906967749,0.46419803906967749,253.726546625053
2290,0.46554506350927527,0.46554506350927527,255.16196906444233
2291,0.4591425539414461,0.4591425539414461,253.2687073636211
2292,0.46596669330710333,0.46596669330710333,256.99254110344475
2293,0.46189010986720619,0.46189010986720619,254.03224084648045
2294,0.46858847817180849,0.46858847817180849,253.32384678256076
2295,0.47137252543216235,0.47137252543216235,254.5194028794123
2296,0.46060962353990853,0.46060962353990853,250.85911664620158
2297,0.46965560982273341,0.46965560982273341,257.24498232709362
2298,0.46378742185722155,0.46378742185722155,254.57156198187059
2299,0.45481275274850114,0.45481275274850114,250.96801221201667
2300,0.45899580112035598,0.45899580112035598,253.00241051148041
2301,0.46756219537576837,0.46756219537576837,254.04376810021759
2302,0.45257849297699621,0.45257849297699621,247.60973919764038
2303,0.46382136446106664,0.46382136446106664,254.10546428256225
2304,0.4624541475590595,0.4624541475590595,251.64122785099457
2305,0.45449971750237028,0.45449971750237028,250.00711183591207
2306,0.4672703385962893,0.4672703385962893,254.38541574085849
2307,0.45762395550570228,0.45762395550570228,251.85781011890685
2308,0.46096761771281763,0.46096761771281763,251.4785575338758
2309,0.46291937473388173,0.46291937473388173,253.31049986612385
2310,0.45935798410803236,0.45935798410803236,253.05209500090481
2311,0.4607452293836688,0.4607452293836688,252.241678829997
2312,0.45521026576794005,0.45521026576794005,251.57323252461646
2313,0.45760438272815501,0.45760438272815501,251.26979863571788
2314,0.45520456676971327,0.45520456676971327,250.37574465826637
2315,0.46094582316115512,0.46094582316115512,250.07278732728895
2316,0.46348236794764058,0.46348236794764058,253.94838626257206
2317,0.46174186149746366,0.46174186149746366,252.79080252339003
2318,0.45552019308153929,0.45552019308153929,252.93032081387611
2319,0.4595117378892154,0.4595117378892154,252.43192251714422
2320,0.46426656603831351,0.46426656603831351,254.98582180648046
2321,0.46784201035852152,0.46784201035852152,252.4270116783577
2322,0.45982750138586759,0.45982750138586759,251.15870275186953
2323,0.46320686713170645,0.46320686713170645,252.98531305748369
2324,0.46042749023561519,0.46042749023561519,252.49524204329936
2325,0.45949961804308614,0.45949961804308614,251.73147274211797
2326,0.46118137934120557,0.46118137934120557,250.63265489930495
2327,0.44796808021454709,0.44796808021454709,246.62803896264171
2328,0.45488546617377973,0.45488546617377973,252.56891243796736
2329,0.45379211526618057,0.45379211526618057,249.71484096963235
2330,0.45971162357570439,0.45971162357570439,253.49958780847174
2331,0.45741785074272451,0.45741785074272451,251.35080282091249
2332,0.45623133363618906,0.45623133363618906,251.11521933027001
2333,0.46171570637878528,0.46171570637878528,253.71832450946781
2334,0.45957668510055799,0.45957668510055799,250.1696683242163
2335,0.46230868108727563,0.46230868108727563,253.74301485417692
2336,0.46856049486279278,0.46856049486279278,254.68708436329445
2337,0.45573342209097989,0.45573342209097989,246.30407520368144
2338,0.45749915492669435,0.45749915492669435,247.93142697563266
2339,0.46206190723910501,0.46206190723910501,252.83845445684892
2340,0.46495733157481656,0.46495733157481656,254.94866805819447
2341,0.45899564930327735,0.45899564930327735,250.8535337124913
2342,0.45656368911847639,0.45656368911847639,250.50163718360281
2343,0.46904312402915033,0.46904312402915033,256.86845820622955
2344,0.45402009950817607,0.45402009950817607,247.88531010869119
2345,0.45511762546362816,0.45511762546362816,252.33073840928895
2346,0.46458565725821777,0.46458565725821777,253.91559867946617
2347,0.4623579086045414,0.4623579086045414,253.49009561740513
2348,0.45559438697093418,0.45559438697093418,249.96579501423957
2349,0.44234011673751733,0.44234011673751733,245.05909859766402
2350,0.45565506599577388,0.45565506599577388,252.02049719647576
2351,0.44451397479230359,0.44451397479230359,247.28121756234887
2352,0.44402397610510241,0.44402397610510241,248.09651049810833
2353,0.44787044212341154,0.44787044212341154,250.08471568735587
2354,0.45013179250735036,0.45013179250735036,251.43852671763935
2355,0.44423914758985933,0.44423914758985933,244.63296127598136
2356,0.45442425085354399,0.45442425085354399,251.88961640691787
2357,0.4546411089460089,0.4546411089460089,249.83998367126583
2358,0.45298857610417304,0.45298857610417304,248.92505564432349
2359,0.45867286546283176,0.45867286546283176,252.35341111083926
2360,0.45482405151931982,0.45482405151931982,251.48114077677565
2361,0.45271219941431101,0.45271219941431101,246.99809367839126
2362,0.47379641093753877,0.47379641093753877,257.5679118022361
2363,0.45930423857026997,0.45930423857026997,250.04820138407791
2364,0.45915255575970343,0.45915255575970343,246.96894531429706
2365,0.46386705485192142,0.46386705485192142,253.57667566950903
2366,0.45670576297400611,0.45670576297400611,249.14438805841186
2367,0.46728204665642392,0.46728204665642392,255.18975249219184
2368,0.45399596744093812,0.45399596744093812,249.8711640557392
2369,0.46546502799082246,0.46546502799082246,253.98468420640589
2370,0.45975714329578554,0.45975714329578554,250.198509521375
2371,0.46617005859931754,0.46617005859931754,254.06522343272997
2372,0.47307604907627632,0.47307604907627632,254.85174637905175
2373,0.4673772930626422,0.4673772930626422,252.15957744940292
2374,0.47233253199259267,0.47233253199259267,252.3262405889885
2375,0.45403678543980552,0.45403678543980552,246.49596177306975
2376,0.47638900928234962,0.47638900928234962,255.03318224805395
2377,0.45470609757457014,0.45470609757457014,243.96865501195785
2378,0.47094778713069185,0.47094778713069185,252.98385298140437
2379,0.46946604596204383,0.46946604596204383,253.62083311773176
2380,0.45961126560496568,0.45961126560496568,248.70008134082599
2381,0.46840558921173792,0.46840558921173792,253.6549466710814
2382,0.45766184291882012,0.45766184291882012,249.485869150101
2383,0.46112059632605096,0.46112059632605096,252.05831360972621
2384,0.45822478088943364,0.45822478088943364,250.71302488192504
2385,0.45642745438679599,0.45642745438679599,251.50674189831125
2386,0.44955272387615242,0.44955272387615242,248.45597362744019
2387,0.45480694488242779,0.45480694488242779,252.87837175563641
2388,0.44780811966632966,0.44780811966632966,245.76569087283298
2389,0.45687843517538063,0.45687843517538063,250.90103037270001
2390,0.45046153647100934,0.45046153647100934,246.80460021690254
2391,0.44774001306833977,0.44774001306833977,247.58117974683813
2392,0.45335703057542159,0.45335703057542159,249.14663127857133
2393,0.44707274080081333,0.44707274080081333,248.7236842802559
2394,0.44712098371198666,0.44712098371198666,248.18305718874473
2395,0.44183852162545917,0.44183852162545917,246.29305943095051
2396,0.43465200917667773,0.43465200917667773,243.58080066809572
2397,0.44224075198029417,0.44224075198029417,249.45806778556161
2398,0.44281454690787647,0.44281454690787647,249.66671576140021
2399,0.44090369967600235,0.44090369967600235,246.85405789568253
2400,0.44318176456039582,0.44318176456039582,246.43185995331299
2401,0.4439414160167206,0.4439414160167206,247.78260659664085
2402,0.43760938053330778,0.43760938053330778,244.04861751482071
2403,0.44681290793795458,0.44681290793795458,248.17157554575874
2404,0.45098037442763594,0.45098037442763594,249.63370239279629
2405,0.4605818482210845,0.4605818482210845,252.66516731138572
2406,0.45230186839877451,0.45230186839877451,245.24155426217584
2407,0.46192122676228803,0.46192122676228803,254.29629951716032
2408,0.45650188370253353,0.45650188370253353,251.90067671259294
2409,0.45186246206934771,0.45186246206934771,248.7348386819819
2410,0.45460944251760538,0.45460944251760538,249.86355908097525
2411,0.45739078637570235,0.45739078637570235,248.13612191639623
2412,0.4540080974418399,0.4540080974418399,250.7655139539591
2413,0.45465838284708476,0.45465838284708476,250.89801984227159
2414,0.45126919884138195,0.45126919884138195,249.14591182074619
2415,0.45286926807209299,0.45286926807209299,248.61196933401138
2416,0.45271371332968241,0.45271371332968241,250.78506253663008
2417,0.45128905222093491,0.45128905222093491,246.96565435471729
2418,0.46439479614037771,0.46439479614037771,252.04232733003056
2419,0.44804987785568617,0.44804987785568617,247.57759961625644
2420,0.46266232216776765,0.46266232216776765,253.88228005601059
2421,0.46549462168964517,0.46549462168964517,254.61567535155558
2422,0.4643907637350842,0.4643907637350842,253.74983393738466
2423,0.46279620329815901,0.46279620329815901,253.13655358411157
2424,0.45626976468158087,0.45626976468158087,250.74964611983961
2425,0.45169232012424676,0.45169232012424676,247.47730950537488
2426,0.45861235647611354,0.45861235647611354,251.45094888059521
2427,0.45056484309233635,0.45056484309233635,249.81177752627528
2428,0.45375310131342755,0.45375310131342755,250.7184801231887
2429,0.46105444767001169,0.46105444767001169,255.17902909717282
2430,0.45381108461488912,0.45381108461488912,251.07184745887602
2431,0.44011307028640684,0.44011307028640684,247.58835779572837
2432,0.43862935327447178,0.43862935327447178,243.62416221963863
2433,0.45212983414822111,0.45212983414822111,252.37369780491971
2434,0.44408333245056741,0.44408333245056741,247.37532205048515
2435,0.44926650247225092,0.44926650247225092,247.46084640910038
2436,0.45349565997542163,0.45349565997542163,252.82163473126283
2437,0.46293383073370087,0.46293383073370087,256.76725892342546
2438,0.46098306009129397,0.46098306009129397,252.80509254333001
2439,0.46008594693314181,0.46008594693314181,253.23126790497494
2440,0.46553005399959912,0.46553005399959912,254.99942656373659
2441,0.45976427602804498,0.45976427602804498,250.69083575136392
2442,0.45741725392359472,0.45741725392359472,252.62494620466504
2443,0.47438122327618959,0.47438122327618959,256.83264384810059
2444,0.47573467011360349,0.47573467011360349,257.52434135644472
2445,0.46427522643248631,0.46427522643248631,251.97301539544961
2446,0.47657609818881969,0.47657609818881969,256.07134242431181
2447,0.46392768108646287,0.46392768108646287,252.77288630213798
2448,0.47185174865729362,0.47185174865729362,255.76620395383694
2449,0.46965030808463054,0.46965030808463054,253.65488653849485
2450,0.46390802901282308,0.46390802901282308,251.18035102817316
2451,0.46274957437262154,0.46274957437262154,252.38244524631864
2452,0.45348879582313717,0.45348879582313717,248.65296900169074
2453,0.4501221230715049,0.4501221230715049,248.25845203500353
2454,0.45888173155729162,0.45888173155729162,252.71641759716266
2455,0.45291523616150331,0.45291523616150331,250.31506553172304
2456,0.4547005549592204,0.4547005549592204,250.66781842424854
2457,0.45450766368000223,0.45450766368000223,251.23798310808996
2458,0.4676347572610185,0.4676347572610185,254.28697506900176
2459,0.458695885486675,0.458695885486675,252.37835130588837
2460,0.46661129159340575,0.46661129159340575,254.64023208967637
2461,0.45199808893535887,0.45199808893535887,246.69302446100414
2462,0.46911192612368485,0.46911192612368485,257.66332103139121
2463,0.45620226969051636,0.45620226969051636,249.41022649567736
2464,0.45940745880137951,0.45940745880137951,250.97066209943279
2465,0.45198460789399109,0.45198460789399109,247.50109991090864
2466,0.45429685041907425,0.45429685041907425,251.24478592862755
2467,0.44718126839343492,0.44718126839343492,246.19478203285212
2468,0.45057298487179159,0.45057298487179159,249.82123132848474
2469,0.45851101678009326,0.45851101678009326,252.40970677769823
2470,0.44766935215082143,0.44766935215082143,245.95921879668487
2471,0.45017748687122461,0.45017748687122461,250.66042967478717
2472,0.45855562686091911,0.45855562686091911,252.32549529729985
2473,0.44328050672782365,0.44328050672782365,245.66645417078888
2474,0.44674507345691961,0.44674507345691961,249.22848868494884
2475,0.44382541353167682,0.44382541353167682,248.21188477178686
2476,0.45364869561924193,0.45364869561924193,250.36869082837234
2477,0.45190552240867332,0.45190552240867332,248.54945800552122
2478,0.44915156853357352,0.44915156853357352,248.8012118245816
2479,0.44280801944642911,0.44280801944642911,245.18460370628881
2480,0.45329764344008333,0.45329764344008333,252.08456983822435
2481,0.4500221635697278,0.4500221635697278,251.38135733399923
2482,0.450070180209939,0.450070180209939,250.41713016623621
2483,0.44530034978260957,0.44530034978260957,247.93699909696846
2484,0.44734918869285761,0.44734918869285761,248.48660464304166
2485,0.43977892968712134,0.43977892968712134,244.89134813833192
2486,0.44130942307874987,0.44130942307874987,247.9300089867242
2487,0.43585542732572458,0.43585542732572458,241.34268877793056
2488,0.44564176091903718,0.44564176091903718,248.8115131814256
2489,0.44079316215190234,0.44079316215190234,248.08906126887865
2490,0.44043748390193543,0.44043748390193543,244.26483447261762
2491,0.45073057344639472,0.45073057344639472,250.43624831864608
2492,0.44054317546021943,0.44054317546021943,246.52725782515654
2493,0.44529828395442195,0.44529828395442195,249.51872429424907
2494,0.4450520684658863,0.4450520684658863,247.93560383905918
2495,0.43907972224704778,0.43907972224704778,246.4924367161164
2496,0.44765297390463965,0.44765297390463965,247.93998896020759
2497,0.45039688327712807,0.45039688327712807,250.78143146672292
2498,0.45005695746600799,0.45005695746600799,252.37195149328187
2499,0.4540812302853558,0.4540812302853558,252.88876914988037
2500,0.45319129828769283,0.45319129828769283,249.60758594243754
2501,0.45455349953965174,0.45455349953965174,250.11194866407118
2502,0.4454201409693398,0.4454201409693398,247.44831575748458
2503,0.44850406406105953,0.44850406406105953,249.78706017958061
2504,0.44639355291674609,0.44639355291674609,247.8356732216339
2505,0.44453125082908285,0.44453125082908285,245.96644005679383
2506,0.44139607578569662,0.44139607578569662,249.54639036745522
2507,0.43139333816351327,0.43139333816351327,242.45464431869158
2508,0.43604154979017817,0.43604154979017817,243.95041774201619
2509,0.43290102183402884,0.43290102183402884,246.5863847317668
2510,0.44390778629207112,0.44390778629207112,250.77900975546345
2511,0.44172260938198882,0.44172260938198882,248.80296579394491
2512,0.4500757714711453,0.4500757714711453,249.76595974841879
2513,0.44965334940084006,0.44965334940084006,250.04809279071119
2514,0.4494818837649685,0.4494818837649685,248.46393076564345
2515,0.44198234937082159,0.44198234937082159,244.59647294899128
2516,0.44092123939998473,0.44092123939998473,247.26206368441848
2517,0.43495929333343702,0.43495929333343702,246.85872304414579
2518,0.42946065728770416,0.42946065728770416,242.37963103489682
2519,0.43343987322344307,0.43343987322344307,243.53902827012402
2520,0.43358677109059063,0.43358677109059063,244.29938511150482
2521,0.42860312444968701,0.42860312444968701,244.43360397642414
2522,0.43879110592674875,0.43879110592674875,246.02137731334574
2523,0.43173386169459904,0.43173386169459904,245.19372153489553
2524,0.43316953852048712,0.43316953852048712,243.20988965624611
2525,0.43898326565363971,0.43898326565363971,245.26883009211096
2526,0.43284497212859685,0.43284497212859685,240.77869664009989
2527,0.44151469651480391,0.44151469651480391,246.63031775193576
2528,0.4479367096409545,0.4479367096409545,249.74555777486839
2529,0.44698656760469496,0.44698656760469496,249.42300559801052
2530,0.44699500386768926,0.44699500386768926,249.39211402211041
2531,0.44105281247963735,0.44105281247963735,247.97396935383352
2532,0.44775611782197766,0.44775611782197766,247.66335973995911
2533,0.43766167252478283,0.43766167252478283,241.5367679063682
2534,0.44595314530593005,0.44595314530593005,248.15182848540954
2535,0.44351347731403512,0.44351347731403512,245.36360091191008
2536,0.44828733613937777,0.44828733613937777,246.73334878455279
2537,0.45014373260125951,0.45014373260125951,247.37071423287171
2538,0.45141220627265854,0.45141220627265854,249.12623879683832
2539,0.45089534732301023,0.45089534732301023,243.34935718041365
2540,0.44768953857970784,0.44768953857970784,244.27129930408114
2541,0.44116444238028302,0.44116444238028302,244.16819790012042
2542,0.45058481154712809,0.45058481154712809,248.21347189302475
2543,0.44265391569757212,0.44265391569757212,244.65348423369446
2544,0.45857654046901358,0.45857654046901358,250.48711163738182
2545,0.44750682207795756,0.44750682207795756,247.76242610728508
2546,0.44540720256173272,0.44540720256173272,245.88751987641308
2547,0.45509787550802133,0.45509787550802133,249.21497384256571
2548,0.44686129841398559,0.44686129841398559,244.06718449911259
2549,0.4522762294451052,0.4522762294451052,249.68760604479166
2550,0.45126571798920356,0.45126571798920356,248.86882528957213
2551,0.44572512097213934,0.44572512097213934,244.28408435465045
2552,0.45300754300087159,0.45300754300087159,250.25362131514029
2553,0.4471511834614727,0.4471511834614727,243.92249363211872
2554,0.44692171257622099,0.44692171257622099,245.79932295078737
2555,0.45036527869429371,0.45036527869429371,247.02479705978584
2556,0.44217643348272873,0.44217643348272873,242.27073078295675
2557,0.44295839590756303,0.44295839590756303,243.20402222578355
2558,0.44861224124243809,0.44861224124243809,246.35167172817418
2559,0.44642789449727527,0.44642789449727527,244.99033168210104
2560,0.45358814560338462,0.45358814560338462,247.99745807269898
2561,0.44509242263261406,0.44509242263261406,244.10175263398042
2562,0.446489054141888,0.446489054141888,245.55294677433744
2563,0.45668114492532447,0.45668114492532447,246.20631757554474
2564,0.45084134822582345,0.45084134822582345,243.86227627243346
2565,0.45514791707092933,0.45514791707092933,248.0414220670751
2566,0.45161617764301792,0.45161617764301792,243.70386918736116
2567,0.45820310677431342,0.45820310677431342,247.37143660180527
2568,0.45893297062042421,0.45893297062042421,248.45873369698273
2569,0.45765532475192056,0.45765532475192056,250.07344017691216
2570,0.44026514682457363,0.44026514682457363,243.26879195041829
2571,0.45464543724721962,0.45464543724721962,249.76931332742956
2572,0.4545530182643242,0.4545530182643242,246.18007925224347
2573,0.45268867069387647,0.45268867069387647,249.65008664317784
2574,0.45951063625420741,0.45951063625420741,250.50211100212624
2575,0.45992459024112853,0.45992459024112853,250.06086203478225
2576,0.45072770798318729,0.45072770798318729,245.60880232362578
2577,0.45125140049740464,0.45125140049740464,246.91703739834028
2578,0.43247567811503795,0.43247567811503795,240.73081519359212
2579,0.44196483354224814,0.44196483354224814,245.72070048193041
2580,0.43850269570030809,0.43850269570030809,243.16216299235322
2581,0.44182353716843892,0.44182353716843892,245.15773461904715
2582,0.4418421055289003,0.4418421055289003,243.29625400307995
2583,0.44062040493372717,0.44062040493372717,244.52952272999931
2584,0.44309153251628786,0.44309153251628786,243.99839645828985
2585,0.44264570505658823,0.44264570505658823,245.07398933557891
2586,0.45240291692807943,0.45240291692807943,250.92699005217045
2587,0.45611182079313151,0.45611182079313151,250.82234161193173
2588,0.45007899889108816,0.45007899889108816,246.28765417477854
2589,0.4411009863117572,0.4411009863117572,244.17636083013849
2590,0.44458524056658605,0.44458524056658605,247.0619903260997
2591,0.44763203237105714,0.44763203237105714,248.73084307001804
2592,0.44201823493090864,0.44201823493090864,245.27688053407533
2593,0.44292505971439422,0.44292505971439422,245.62107639066517
2594,0.44270641488039875,0.44270641488039875,246.93054253859509
2595,0.43427611152495532,0.43427611152495532,242.73141813253852
2596,0.43346743684285827,0.43346743684285827,242.45364033725795
2597,0.43403816090570224,0.43403816090570224,244.36301014288679
2598,0.44018113982337959,0.44018113982337959,245.18451604891931
2599,0.44226798849868676,0.44226798849868676,248.77233784818446
2600,0.44339772386511839,0.44339772386511839,245.01778441559881
2601,0.45955976829524064,0.45955976829524064,252.32002840633351
2602,0.44716867478323541,0.44716867478323541,245.19226184367517
2603,0.44778736581221745,0.44778736581221745,243.9742649868233
2604,0.44783303274102987,0.44783303274102987,248.75969515215951
2605,0.44240245862561584,0.44240245862561584,244.20242576990231
2606,0.44307635276266966,0.44307635276266966,244.45537668758683
2607,0.45021448645026296,0.45021448645026296,247.05714012427705
2608,0.44976964152359289,0.44976964152359289,247.98655484094078
2609,0.45656392306033994,0.45656392306033994,248.93340196769032
2610,0.4510408392704644,0.4510408392704644,244.2724771443321
2611,0.44839261168392974,0.44839261168392974,245.07156314280866
2612,0.45815640126266965,0.45815640126266965,250.52421032609209
2613,0.46053777926499889,0.46053777926499889,250.19554499698074
2614,0.45984717904462558,0.45984717904462558,250.01152710802907
2615,0.44823922866387689,0.44823922866387689,246.14707034149552
2616,0.45324675075696719,0.45324675075696719,248.62029781839411
2617,0.45100296445415983,0.45100296445415983,248.2313876473664
2618,0.44692798376719772,0.44692798376719772,249.54311102424958
2619,0.44583856717552184,0.44583856717552184,244.9469461902317
2620,0.44145742050741782,0.44145742050741782,242.87900029634767
2621,0.4367699941533294,0.4367699941533294,243.1373096561781
2622,0.43457337856401618,0.43457337856401618,241.51835472904085
2623,0.43874710098305769,0.43874710098305769,243.25066116640011
2624,0.43873834948831492,0.43873834948831492,246.50482077333291
2625,0.4364589836066769,0.4364589836066769,242.46334691508113
2626,0.43455376370600962,0.43455376370600962,243.09441514249269
2627,0.44276393029923933,0.44276393029923933,247.10554529187772
2628,0.43950593633008933,0.43950593633008933,245.19829827542799
2629,0.44288128708229901,0.44288128708229901,246.99104396229464
2630,0.43546339941244094,0.43546339941244094,243.76257869097699
2631,0.44401631312418272,0.44401631312418272,247.26969582855418
2632,0.44796609497063777,0.44796609497063777,248.41064580581101
2633,0.4398819919356815,0.4398819919356815,244.67177836382925
2634,0.44047375969460978,0.44047375969460978,245.82626975352377
2635,0.43573030576457522,0.43573030576457522,243.40613906231019
2636,0.42496039468154223,0.42496039468154223,235.68309103224883
2637,0.43193697439089745,0.43193697439089745,242.51276330074538
2638,0.43220376613523215,0.43220376613523215,241.84367988893192
2639,0.44464709224530152,0.44464709224530152,248.61446720635371
2640,0.44293034870681602,0.44293034870681602,247.48004509720514
2641,0.43245502258190405,0.43245502258190405,243.27554563820749
2642,0.42953984901830172,0.42953984901830172,240.49331653774342
2643,0.43671239061072065,0.43671239061072065,244.08671822934639
2644,0.43257079542196397,0.43257079542196397,242.5314965804302
2645,0.43512067128329041,0.43512067128329041,241.68135850574444
2646,0.44434361761180907,0.44434361761180907,244.85675549047332
2647,0.4415984453597222,0.4415984453597222,242.88564401877852
2648,0.45387840293139092,0.45387840293139092,247.21348457036726
2649,0.45630542652200257,0.45630542652200257,249.66013752252633
2650,0.44922870422294736,0.44922870422294736,246.21348262969644
2651,0.44383256895691492,0.44383256895691492,244.269256837597
2652,0.44261723149196885,0.44261723149196885,245.98067451266743
2653,0.44528905684629372,0.44528905684629372,247.42166191187124
2654,0.45081668588659901,0.45081668588659901,250.68256499395019
2655,0.45173955492371559,0.45173955492371559,249.74357771533633
2656,0.44032569305041164,0.44032569305041164,244.89681583816201
2657,0.43683769234199071,0.43683769234199071,242.81053276741403
2658,0.44262106589159433,0.44262106589159433,246.43876323578516
2659,0.44610889673278803,0.44610889673278803,249.17047119451428
2660,0.44851056645167481,0.44851056645167481,248.95680096582154
2661,0.44846589669772252,0.44846589669772252,248.28631485763134
2662,0.4370185817342197,0.4370185817342197,242.19477584368738
2663,0.44288550380044428,0.44288550380044428,247.15834102864861
2664,0.43087572912944616,0.43087572912944616,240.33319993783977
2665,0.45310680111948792,0.45310680111948792,249.43357701938672
2666,0.44322983403734162,0.44322983403734162,245.79424164258018
2667,0.45885823273411086,0.45885823273411086,250.82545018752981
2668,0.4592686892187734,0.4592686892187734,249.92900774948572
2669,0.45740768440152957,0.45740768440152957,250.40375164277776
2670,0.4621844860371721,0.4621844860371721,251.79521976491316
2671,0.45882251379667383,0.45882251379667383,247.22052023101824
2672,0.46737643344933516,0.46737643344933516,254.10306287061266
2673,0.45873407100632163,0.45873407100632163,250.60430057073964
2674,0.45237335924399347,0.45237335924399347,245.74666653593786
2675,0.46381737538768009,0.46381737538768009,253.29533978498876
2676,0.45223241847887002,0.45223241847887002,249.08023815480774
2677,0.44701284884088566,0.44701284884088566,246.20902627369486
2678,0.44671918923053627,0.44671918923053627,247.30759030677805
2679,0.4452159383337525,0.4452159383337525,248.16914458223155
2680,0.44450615437789809,0.44450615437789809,247.49662515761329
2681,0.45161214173945058,0.45161214173945058,246.98293540163877
2682,0.45228676034082171,0.45228676034082171,251.29349382001956
2683,0.44759261677708367,0.44759261677708367,246.14400481415129
2684,0.45471129665879417,0.45471129665879417,249.79742157810378
2685,0.45904836321567605,0.45904836321567605,249.9872513671497
2686,0.45459690731735403,0.45459690731735403,250.4648436953691
2687,0.45311891609307731,0.45311891609307731,248.68542017442491
2688,0.44644581380958404,0.44644581380958404,246.82933441648794
2689,0.44270738857277125,0.44270738857277125,246.66309938103814
2690,0.43876598122379817,0.43876598122379817,241.67254574500021
2691,0.44459661896948149,0.44459661896948149,246.30800814489604
2692,0.44736238614795737,0.44736238614795737,248.56978961722189
2693,0.4430221542488802,0.4430221542488802,246.47009211766849
2694,0.44574252629938033,0.44574252629938033,248.21703655007377
2695,0.45202517841478962,0.45202517841478962,251.4818225744998
2696,0.45013307055123397,0.45013307055123397,248.95460883368909
2697,0.44733952477388905,0.44733952477388905,246.62198580524586
2698,0.45452333046620874,0.45452333046620874,249.07291469383057
2699,0.44370517985462155,0.44370517985462155,245.90540596295722
2700,0.43521249648427052,0.43521249648427052,241.3465242893536
2701,0.43615505333431132,0.43615505333431132,244.42537708530054
2702,0.44267598237417854,0.44267598237417854,246.7502790509177
2703,0.44173887448724142,0.44173887448724142,247.2476952399048
2704,0.44242049930450111,0.44242049930450111,248.41924869782792
2705,0.43981237485838642,0.43981237485838642,245.57880805051673
2706,0.45092865974692875,0.45092865974692875,250.30598909457677
2707,0.44879582138283058,0.44879582138283058,249.54500721789481
2708,0.44210855940831612,0.44210855940831612,245.13801047326291
2709,0.44639381655642529,0.44639381655642529,244.03031313390571
2710,0.44624735240500246,0.44624735240500246,247.33551500973672
2711,0.4501992763589559,0.4501992763589559,248.60158286802033
2712,0.44971059503693178,0.44971059503693178,249.22961889824222
2713,0.45077516096077036,0.45077516096077036,247.80107961673494
2714,0.44255267490254296,0.44255267490254296,246.52351471016419
2715,0.44543829910551869,0.44543829910551869,249.06308598231584
2716,0.44573036070376204,0.44573036070376204,246.60671102619443
2717,0.43965294872833088,0.43965294872833088,244.47173451078834
2718,0.44132166204959855,0.44132166204959855,244.9191579752698
2719,0.44625458799195117,0.44625458799195117,244.57668309367494
2720,0.44433090174160605,0.44433090174160605,243.83332628060126
2721,0.45180858888626807,0.45180858888626807,246.27220320802735
2722,0.44296558222812593,0.44296558222812593,244.77619884852774
2723,0.44549394018690791,0.44549394018690791,245.26660287250857
2724,0.44479002329908024,0.44479002329908024,244.22575326381062
2725,0.45106754128415283,0.45106754128415283,248.82824370805656
2726,0.45056466808707346,0.45056466808707346,249.42981703046348
2727,0.44541367851252883,0.44541367851252883,246.6691772104553
2728,0.44893706908879771,0.44893706908879771,248.92395066740218
2729,0.44917690869782489,0.44917690869782489,248.055465396296
2730,0.44016709440600865,0.44016709440600865,243.57754778133068
2731,0.44822295471396484,0.44822295471396484,246.84364903887604
2732,0.45107995873931361,0.45107995873931361,247.25768972619773
2733,0.45797147871445654,0.45797147871445654,249.78908107908128
2734,0.45033701943284676,0.45033701943284676,243.90334199783283
2735,0.45953199150823981,0.45953199150823981,251.1337506458749
2736,0.46025394742642722,0.46025394742642722,249.88543213584595
2737,0.45154795719501478,0.45154795719501478,247.57869958704251
2738,0.4561574216186236,0.4561574216186236,249.33799239845044
2739,0.45886640915399807,0.45886640915399807,248.42683645416795
2740,0.45210791229659381,0.45210791229659381,244.95438550503792
2741,0.45354374050016649,0.45354374050016649,248.13281489089778
2742,0.46122782313418986,0.46122782313418986,250.89838246185644
2743,0.45726672337323704,0.45726672337323704,250.36846897485549
2744,0.46043109672505855,0.46043109672505855,248.86662479750052
2745,0.45464282691520469,0.45464282691520469,245.12277527098877
2746,0.46316440460706138,0.46316440460706138,251.2438130983613
2747,0.45697224832312955,0.45697224832312955,248.25844214442395
2748,0.45762137680253001,0.45762137680253001,248.62255209273908
2749,0.4394478892014918,0.4394478892014918,242.65788190850549
2750,0.45008016888427954,0.45008016888427954,248.5359818038543
2751,0.45085024986502259,0.45085024986502259,248.02096839051779
2752,0.44315910453926366,0.44315910453926366,244.11234345557392
2753,0.43943475612092364,0.43943475612092364,240.51294941664855
2754,0.44407433558563952,0.44407433558563952,241.84813641506327
2755,0.45485788978665564,0.45485788978665564,247.7432809238403
2756,0.45173137114314627,0.45173137114314627,246.19257699475625
2757,0.45214116754837796,0.45214116754837796,247.0970492330045
2758,0.45052280477187318,0.45052280477187318,246.61000099081963
2759,0.46433527750826753,0.46433527750826753,251.61592488572668
2760,0.46107283909825475,0.46107283909825475,248.64783738977343
2761,0.45456602470172047,0.45456602470172047,247.28503523883018
2762,0.46478209648059848,0.46478209648059848,252.82145787989333
2763,0.46191962576417733,0.46191962576417733,251.15321843091064
2764,0.45453243523148917,0.45453243523148917,247.35101314704261
2765,0.45433548704874005,0.45433548704874005,247.79574016785972
2766,0.44830037756898677,0.44830037756898677,245.54825575870808
2767,0.45765254521061172,0.45765254521061172,249.73087935352228
2768,0.45088786708688344,0.45088786708688344,243.79371335006823
2769,0.45441789667438093,0.45441789667438093,245.69005362009821
2770,0.4459434749751871,0.4459434749751871,243.51728596376628
2771,0.45635838953309432,0.45635838953309432,245.33482196697051
2772,0.46335151337299668,0.46335151337299668,249.60287522162963
2773,0.44770950649822644,0.44770950649822644,244.61034065432213
2774,0.45910446509621006,0.45910446509621006,247.81864046571249
2775,0.45584132208057893,0.45584132208057893,246.19611209989074
2776,0.46171396342025089,0.46171396342025089,247.56162036362707
2777,0.46039261917452479,0.46039261917452479,249.70063759255555
2778,0.4564732746823954,0.4564732746823954,248.70851815037867
2779,0.46186117431882556,0.46186117431882556,251.20008387298475
2780,0.45757229829343943,0.45757229829343943,247.43812944450738
2781,0.45887685137383893,0.45887685137383893,250.32063229183603
2782,0.45628297254375128,0.45628297254375128,249.48893634642792
2783,0.45605091044887514,0.45605091044887514,246.46744746687227
2784,0.44744645481099204,0.44744645481099204,243.69961809125789
2785,0.440897033868138,0.440897033868138,243.10732906676859
2786,0.44448993869096853,0.44448993869096853,242.38924496707168
2787,0.43841131747875417,0.43841131747875417,242.33167543377758
2788,0.44043113257114419,0.44043113257114419,244.68654596764273
2789,0.43433767051551903,0.43433767051551903,240.5594674778178
2790,0.4470786934716095,0.4470786934716095,246.45104242589332
2791,0.45511618137290777,0.45511618137290777,249.68120287257571
2792,0.45986225940907521,0.45986225940907521,251.59122221309309
2793,0.46053157354270047,0.46053157354270047,248.99089997616721
2794,0.44595913554065242,0.44595913554065242,246.17917814301046
2795,0.4564595592838927,0.4564595592838927,250.22515075682526
2796,0.45368366597586468,0.45368366597586468,249.27339332640341
2797,0.4569771438660738,0.4569771438660738,251.79058766620156
2798,0.45161832979959343,0.45161832979959343,247.63239295668137
2799,0.45419031186524411,0.45419031186524411,250.47838555509526
2800,0.45605419276677395,0.45605419276677395,250.58058094081534
2801,0.44418751261326578,0.44418751261326578,245.31637120115414
2802,0.4535417095869298,0.4535417095869298,252.35248063238652
2803,0.45298542935731645,0.45298542935731645,250.54638915579798
2804,0.45868525662223025,0.45868525662223025,252.09595901883199
2805,0.45692334867167378,0.45692334867167378,250.49060685140867
2806,0.45858432660739956,0.45858432660739956,251.49395062283466
2807,0.45459652998155792,0.45459652998155792,251.14418508954878
2808,0.4495502614206382,0.4495502614206382,245.32781531057071
2809,0.45219384551563602,0.45219384551563602,247.83702703981211
2810,0.45031997335540019,0.45031997335540019,248.00503465700294
2811,0.44247056034242299,0.44247056034242299,241.58640228723033
2812,0.44814733982536925,0.44814733982536925,244.50186748585605
2813,0.44603230045370934,0.44603230045370934,243.58443850300628
2814,0.45011999188702917,0.45011999188702917,247.01594343467599
2815,0.45247431452295916,0.45247431452295916,246.11845497577127
2816,0.44104685495579038,0.44104685495579038,241.37620295994083
2817,0.45267966521541592,0.45267966521541592,246.89985535431234
2818,0.45502698080201187,0.45502698080201187,250.17148857966586
2819,0.45308093005546801,0.45308093005546801,249.35587826812633
2820,0.44694558018050012,0.44694558018050012,246.23357023047865
2821,0.4429036354284353,0.4429036354284353,243.7091640748763
2822,0.45337793891177808,0.45337793891177808,248.57111526741801
2823,0.445976338008233,0.445976338008233,245.4828398257003
2824,0.4471337086151087,0.4471337086151087,246.46623125571205
2825,0.44263014953162366,0.44263014953162366,242.76367297522103
2826,0.43625663393730896,0.43625663393730896,240.26108548611714
2827,0.43782993186331021,0.43782993186331021,245.29666706490275
2828,0.44590124329677361,0.44590124329677361,246.37877932341161
2829,0.45546534713257003,0.45546534713257003,249.62514413685366
2830,0.45397565013497454,0.45397565013497454,246.72945180537513
2831,0.45186024811031256,0.45186024811031256,246.71706179584575
2832,0.44957313172467261,0.44957313172467261,243.47732725327486
2833,0.451852142880381,0.451852142880381,246.38269138351302
2834,0.45043015844580275,0.45043015844580275,248.4179868967079
2835,0.4347451655040887,0.4347451655040887,240.17354747650035
2836,0.43784051101592258,0.43784051101592258,245.26464357200751
2837,0.4226819936062336,0.4226819936062336,236.7394248412445
2838,0.42736502168937385,0.42736502168937385,240.73992176671632
2839,0.43713934963590634,0.43713934963590634,242.64898266800674
2840,0.43565028669209288,0.43565028669209288,241.81684783109046
2841,0.42940153354701482,0.42940153354701482,238.84989612036958
2842,0.42801181835265645,0.42801181835265645,239.43998502747178
2843,0.42757199834517418,0.42757199834517418,239.61197989706176
2844,0.43110995240771538,0.43110995240771538,241.26099860208541
2845,0.4321062115615284,0.4321062115615284,240.79644006604386
2846,0.44226351330338359,0.44226351330338359,246.54118247179227
2847,0.43734003675262156,0.43734003675262156,241.70232510441156
2848,0.43163665807019302,0.43163665807019302,241.43363103601556
2849,0.44086144440344083,0.44086144440344083,246.42604394472559
2850,0.43579138380052768,0.43579138380052768,242.40310851443942
2851,0.44440086552262059,0.44440086552262059,246.66345420595471
2852,0.44559757671962219,0.44559757671962219,247.8060019006852
2853,0.44412085785581307,0.44412085785581307,242.88276916740853
2854,0.44687274589162007,0.44687274589162007,245.662653851589
2855,0.43771733605130614,0.43771733605130614,241.72089758092642
2856,0.44579000233453436,0.44579000233453436,245.97359205212484
2857,0.43648451026199042,0.43648451026199042,240.64805120562704
2858,0.45870724765892013,0.45870724765892013,251.54445409452438
2859,0.44516914104866218,0.44516914104866218,245.96271351722643
2860,0.44656800698289151,0.44656800698289151,247.6339855562845
2861,0.44797327721835278,0.44797327721835278,246.62684996269817
2862,0.44580913258335314,0.44580913258335314,248.52257076907819
2863,0.45135957759982492,0.45135957759982492,249.49259247881318
2864,0.44437901921465689,0.44437901921465689,248.92795881634578
2865,0.44970948682456424,0.44970948682456424,246.97580636905565
2866,0.44389697588689642,0.44389697588689642,247.39358538927891
2867,0.44097707913601092,0.44097707913601092,243.5160094132263
2868,0.44641503500115853,0.44641503500115853,246.4871520848057
2869,0.4376550836924088,0.4376550836924088,243.22568567514858
2870,0.45276890137344417,0.45276890137344417,250.0169337707876
2871,0.43930196351695983,0.43930196351695983,242.91357776445778
2872,0.44177769816133272,0.44177769816133272,244.87269362672549
2873,0.44375757107979796,0.44375757107979796,244.1224155760132
2874,0.45088328941958544,0.45088328941958544,248.59390443326851
2875,0.43630285655618029,0.43630285655618029,240.81233413075211
2876,0.44080762641420917,0.44080762641420917,241.97943233784076
2877,0.44133706032445186,0.44133706032445186,246.30650279968776
2878,0.43385625016183338,0.43385625016183338,241.83571296257142
2879,0.44080748774055561,0.44080748774055561,245.18520322731797
2880,0.43058433463044804,0.43058433463044804,243.85846255821872
2881,0.43281656086695264,0.43281656086695264,241.70161496117785
2882,0.43570011721361795,0.43570011721361795,245.43739240405748
2883,0.4423481826975878,0.4423481826975878,246.71596540421851
2884,0.4335118456762509,0.4335118456762509,243.29949792194634
2885,0.42854572987827888,0.42854572987827888,241.26625539442171
2886,0.42724460023150401,0.42724460023150401,240.30116872753442
2887,0.42787545468731281,0.42787545468731281,241.19824697616477
2888,0.43525690007284634,0.43525690007284634,242.82939274653876
2889,0.44208771969736843,0.44208771969736843,245.28064684718828
2890,0.42466790762505785,0.42466790762505785,237.84968371806448
2891,0.4308317144103449,0.4308317144103449,244.17287858559195
2892,0.43246226573994145,0.43246226573994145,239.61004323357201
2893,0.43099775523321171,0.43099775523321171,244.52846194239083
2894,0.43025355539909116,0.43025355539909116,242.67000162810177
2895,0.43752776677675181,0.43752776677675181,244.30015245035037
2896,0.43667355220833259,0.43667355220833259,245.75790582899813
2897,0.43233617565344301,0.43233617565344301,242.42294894300076
2898,0.42307427301467537,0.42307427301467537,238.69729601830394
2899,0.43453610078465965,0.43453610078465965,245.00988845631201
2900,0.42556361547070337,0.42556361547070337,238.38056657980923
2901,0.44029857791139293,0.44029857791139293,243.57973780874869
2902,0.44282261384324773,0.44282261384324773,243.68495594396387
2903,0.43994381817502248,0.43994381817502248,240.45397482248524
2904,0.44057221507033911,0.44057221507033911,240.91328895230771
2905,0.44400543277451787,0.44400543277451787,246.22142473401203
2906,0.43407282347059384,0.43407282347059384,240.81153931915938
2907,0.43818571578057286,0.43818571578057286,244.11128099898025
2908,0.44302405481021045,0.44302405481021045,247.34204287151402
2909,0.43739426697191019,0.43739426697191019,244.5192774819308
2910,0.44162059112862934,0.44162059112862934,246.72360847337873
2911,0.44455982524938475,0.44455982524938475,248.26582627994034
2912,0.43767701301975837,0.43767701301975837,243.99506703185043
2913,0.43509700505473348,0.43509700505473348,240.47519842537207
2914,0.44655042046912197,0.44655042046912197,246.3150088913093
2915,0.44885746405490429,0.44885746405490429,248.13252213196196
2916,0.44477304525539535,0.44477304525539535,245.10981258132861
2917,0.43521619373417303,0.43521619373417303,241.56996539572097
2918,0.44808351097787408,0.44808351097787408,247.34410967923242
2919,0.43795203875422112,0.43795203875422112,240.30050451069405
2920,0.44809122854550532,0.44809122854550532,246.57564718338435
2921,0.44311287398378096,0.44311287398378096,244.61330717522213
2922,0.44052741058453054,0.44052741058453054,243.71421860123331
2923,0.42946757863982671,0.42946757863982671,239.28515074872379
2924,0.43149214189540624,0.43149214189540624,240.05426767074545
2925,0.44337689566086375,0.44337689566086375,245.82076955585302
2926,0.44288406686273812,0.44288406686273812,247.23361056599737
2927,0.43625929604995539,0.43625929604995539,243.37153120321076
2928,0.44580655119171497,0.44580655119171497,246.18343077948288
2929,0.44531807003374607,0.44531807003374607,246.18294307580155
2930,0.44063488401408984,0.44063488401408984,243.40389362597381
2931,0.4414620302396659,0.4414620302396659,245.42110455663433
2932,0.45820638254853963,0.45820638254853963,247.72144289494594
2933,0.45427356655229367,0.45427356655229367,250.3752830165582
2934,0.43768638617823424,0.43768638617823424,242.64979416960554
2935,0.43917871347323728,0.43917871347323728,242.30235891673587
2936,0.43709865243755691,0.43709865243755691,244.11907381427255
2937,0.43433184442273243,0.43433184442273243,241.45478192622218
2938,0.43998149314657231,0.43998149314657231,242.88138118282058
2939,0.43880461320334863,0.43880461320334863,243.37470628603143
2940,0.43900066739376598,0.43900066739376598,241.71664337758222
2941,0.43471480590265088,0.43471480590265088,242.17878761019705
2942,0.43197992027828713,0.43197992027828713,239.94156254385317
2943,0.44586533098496012,0.44586533098496012,245.07600703979955
2944,0.44372038083703969,0.44372038083703969,241.74909069256006
2945,0.43908034483393693,0.43908034483393693,242.14085056475886
2946,0.43945984751898787,0.43945984751898787,241.52282619806743
2947,0.43114454156300547,0.43114454156300547,239.67057777806508
2948,0.43270668839195559,0.43270668839195559,241.17459136727584
2949,0.4357106597910767,0.4357106597910767,242.2399900153161
2950,0.43781180741998138,0.43781180741998138,242.64895741753489
2951,0.43330374250096082,0.43330374250096082,239.88740445129116
2952,0.42914908869898999,0.42914908869898999,237.15737459590801
2953,0.44493242469661309,0.44493242469661309,244.47680062433795
2954,0.44489491636269873,0.44489491636269873,241.76202686378866
2955,0.4342652761598379,0.4342652761598379,237.50425916934879
2956,0.43716476434677043,0.43716476434677043,238.82296169805068
2957,0.44123189309445365,0.44123189309445365,240.29123200651347
2958,0.44299567936323009,0.44299567936323009,240.38457520089514
2959,0.45241106214651061,0.45241106214651061,245.8471481266252
2960,0.44612887447807326,0.44612887447807326,240.36091953376825
2961,0.43235688438287373,0.43235688438287373,234.75928643631033
2962,0.44853182858638369,0.44853182858638369,241.24321794669441
2963,0.44164024942089525,0.44164024942089525,240.67932868947423
2964,0.44602323475742234,0.44602323475742234,241.88614267967191
2965,0.45242838092842763,0.45242838092842763,244.63386162113866
2966,0.45292933277808994,0.45292933277808994,243.93340786971476
2967,0.44641116087764726,0.44641116087764726,241.41882156148526
2968,0.45079161860914568,0.45079161860914568,242.74048830926614
2969,0.46030726046323994,0.46030726046323994,244.46034833719818
2970,0.45117864487449622,0.45117864487449622,243.11991361418981
2971,0.43806413975220976,0.43806413975220976,240.5956063912256
2972,0.44296337518474349,0.44296337518474349,241.87263963095202
2973,0.44330341379230453,0.44330341379230453,243.38905983418695
2974,0.44574595162292507,0.44574595162292507,243.69256702261737
2975,0.45077796685089239,0.45077796685089239,246.36735332010076
2976,0.44567692849501628,0.44567692849501628,244.36256041531595
2977,0.45050551202834727,0.45050551202834727,246.75666989175701
2978,0.44863045404634561,0.44863045404634561,241.95258053115654
2979,0.45162392022152015,0.45162392022152015,241.41367687143574
2980,0.44400406743540161,0.44400406743540161,241.67839582821861
2981,0.44883659466085302,0.44883659466085302,240.80605425834921
2982,0.4550719707494485,0.4550719707494485,244.2044329760559
2983,0.4554336355010225,0.4554336355010225,244.89089038722847
2984,0.45286204135954966,0.45286204135954966,243.0712325726723
2985,0.45668078084287755,0.45668078084287755,244.87582993672245
2986,0.45778950663755785,0.45778950663755785,245.49896669765548
2987,0.44896514318243408,0.44896514318243408,239.40451933639457
2988,0.45667579668263353,0.45667579668263353,245.23710255802047
2989,0.44153308354502885,0.44153308354502885,235.62074835774175
2990,0.44337255461704911,0.44337255461704911,238.61018750126314
2991,0.45047249039184256,0.45047249039184256,242.57775601654674
2992,0.44537428362184012,0.44537428362184012,239.05625729281627
2993,0.43823696159439846,0.43823696159439846,238.23763797977185
2994,0.44943630653548167,0.44943630653548167,240.2557336102133
2995,0.46008061485119722,0.46008061485119722,244.79407768227043
2996,0.44842298513293749,0.44842298513293749,244.98644208269744
2997,0.45021731657240238,0.45021731657240238,244.50112344739873
2998,0.44920102792379302,0.44920102792379302,243.63818881355436
2999,0.4488504882622143,0.4488504882622143,244.22185964540026
3000,0.45182262451163896,0.45182262451163896,245.38096867863283
3001,0.45114435720554519,0.45114435720554519,244.90744878538607
3002,0.45026786714076839,0.45026786714076839,241.92962171453627
3003,0.44594304356107584,0.44594304356107584,239.73898771852964
3004,0.45162499299687908,0.45162499299687908,243.9238811709252
3005,0.44670198878133804,0.44670198878133804,244.63605896927771
3006,0.4451784456730975,0.4451784456730975,242.67811290138735
3007,0.43416264220971168,0.43416264220971168,236.76340987902319
3008,0.43670103907333857,0.43670103907333857,239.81445538063068
3009,0.44385357990741064,0.44385357990741064,244.48625944089741
3010,0.44362645302385112,0.44362645302385112,244.18621992131239
3011,0.44104484948790657,0.44104484948790657,241.86022443135766
3012,0.43754857195824065,0.43754857195824065,239.34345806822094
3013,0.44716042164250352,0.44716042164250352,247.72719625681901
3014,0.43808485063073671,0.43808485063073671,240.45332346504566
3015,0.44816372858008063,0.44816372858008063,245.82623103705163
3016,0.43932957630078595,0.43932957630078595,244.07478933776648
3017,0.43913388203807602,0.43913388203807602,241.44899627449408
3018,0.44620522778655819,0.44620522778655819,245.30157329754016
3019,0.45010525767317722,0.45010525767317722,246.0717487094017
3020,0.44174001086534131,0.44174001086534131,242.13484473664965
3021,0.45001484378189793,0.45001484378189793,244.60218493656643
3022,0.4531531487195945,0.4531531487195945,245.41385854531899
3023,0.44551723592393183,0.44551723592393183,239.94219996750007
3024,0.45372030790060025,0.45372030790060025,247.67458240756827
3025,0.4495148974720598,0.4495148974720598,244.52247065199009
3026,0.44972787836189665,0.44972787836189665,244.55183041405652
3027,0.45039914033516026,0.45039914033516026,245.75010389041262
3028,0.44583002917477144,0.44583002917477144,241.92071594546297
3029,0.44644073868581058,0.44644073868581058,243.6005595168495
3030,0.4488172973120399,0.4488172973120399,243.77422897492266
3031,0.44701310646216619,0.44701310646216619,242.89456960801076
3032,0.44417020740060814,0.44417020740060814,242.81066057829986
3033,0.44874286602793684,0.44874286602793684,245.29407344923669
3034,0.4554779318544756,0.4554779318544756,247.25263603405125
3035,0.45254462345364344,0.45254462345364344,245.13788005254088
3036,0.44307043680595887,0.44307043680595887,242.22074248160874
3037,0.45309951909127222,0.45309951909127222,246.82063895214887
3038,0.4502053325996126,0.4502053325996126,245.09229978998559
3039,0.44655378863271344,0.44655378863271344,243.77791104680091
3040,0.45828287437982401,0.45828287437982401,247.49324342428403
3041,0.45976855509798681,0.45976855509798681,248.62243792827917
3042,0.45346381032307159,0.45346381032307159,244.92893717815451
3043,0.42748128814179448,0.42748128814179448,237.18947093166889
3044,0.43528663416573188,0.43528663416573188,241.29793697322657
3045,0.44104390153800133,0.44104390153800133,244.14541958839882
3046,0.45038424827007512,0.45038424827007512,245.78405482873237
3047,0.44951638960649065,0.44951638960649065,246.0069269927757
3048,0.44213453490808191,0.44213453490808191,239.42382188171305
3049,0.45862757209359667,0.45862757209359667,247.76214478342658
3050,0.45801398016055722,0.45801398016055722,243.58136111212229
3051,0.45326821041715348,0.45326821041715348,244.83019717098372
3052,0.44460118167408147,0.44460118167408147,243.4964185132028
3053,0.45465868089543093,0.45465868089543093,247.51326781942166
3054,0.45691296343357202,0.45691296343357202,248.93960303957095
3055,0.45414431983359727,0.45414431983359727,245.08923497095037
3056,0.45877599040209605,0.45877599040209605,249.22316897412253
3057,0.45500369163048271,0.45500369163048271,245.43914111398664
3058,0.45474553807151691,0.45474553807151691,246.54357771623586
3059,0.45108179312064128,0.45108179312064128,241.92395176671931
3060,0.46103809033269305,0.46103809033269305,247.9397033398206
3061,0.44330171171600502,0.44330171171600502,242.762955687176
3062,0.45042578844130488,0.45042578844130488,244.73657705033821
3063,0.45978750301100774,0.45978750301100774,247.47209756621982
3064,0.4598999605246295,0.4598999605246295,247.25065474741791
3065,0.45323179568468913,0.45323179568468913,243.74696718863774
3066,0.44788681815520726,0.44788681815520726,244.67062851848405
3067,0.45164094294170576,0.45164094294170576,244.25630421118436
3068,0.43661709162507856,0.43661709162507856,238.02809319732151
3069,0.44076982233028172,0.44076982233028172,238.85899836170603
3070,0.43930413705613064,0.43930413705613064,242.52957110680762
3071,0.42783905444382431,0.42783905444382431,237.15006061727777
3072,0.43952509220254782,0.43952509220254782,240.04087590396421
3073,0.43197096354047132,0.43197096354047132,238.93880604470459
3074,0.4432954055760211,0.4432954055760211,242.79902124678406
3075,0.432590252931565,0.432590252931565,237.09816764248586
3076,0.44665768064503297,0.44665768064503297,243.05740522672158
3077,0.45325066084804411,0.45325066084804411,244.60140822377488
3078,0.45212038006909044,0.45212038006909044,244.04312653868973
3079,0.43838371617178951,0.43838371617178951,238.98538034824105
3080,0.44177581276524364,0.44177581276524364,240.83353047354859
3081,0.44886346029101254,0.44886346029101254,243.35411172518337
3082,0.43716742321849544,0.43716742321849544,237.31189315880232
3083,0.44040656083278912,0.44040656083278912,238.91450526361254
3084,0.44316472286895409,0.44316472286895409,241.29696492861655
3085,0.43947727865893238,0.43947727865893238,239.05746336457915
3086,0.44068627915154207,0.44068627915154207,242.12822657598454
3087,0.43349212903879042,0.43349212903879042,234.27454507417232
3088,0.43028737817732787,0.43028737817732787,237.94343146638957
3089,0.43337867234344002,0.43337867234344002,237.52014648328731
3090,0.43754348824407463,0.43754348824407463,238.73217016215125
3091,0.42859011211938086,0.42859011211938086,232.9104534939639
3092,0.43603899377755972,0.43603899377755972,236.83985169966121
3093,0.43141382887395141,0.43141382887395141,236.5785444134911
3094,0.43496873782821444,0.43496873782821444,235.39031401517906
3095,0.43103731109785615,0.43103731109785615,236.13969273693792
3096,0.42387637027184122,0.42387637027184122,231.04519474439752
3097,0.43638054392410586,0.43638054392410586,237.13966052680081
3098,0.42965037914355414,0.42965037914355414,235.41098378110573
3099,0.42743396557803887,0.42743396557803887,235.19733678717458
3100,0.43711246885982946,0.43711246885982946,238.56917962871316
3101,0.43069219657433794,0.43069219657433794,237.79965596252146
3102,0.43921308709889617,0.43921308709889617,239.44487548383299
3103,0.438539987626762,0.438539987626762,238.64988481138533
3104,0.44101709613484746,0.44101709613484746,240.67501524823106
3105,0.43442466563352689,0.43442466563352689,238.72389902988598
3106,0.43489976894648008,0.43489976894648008,236.76697484271372
3107,0.43374770783186528,0.43374770783186528,236.2510933842629
3108,0.43785690300598928,0.43785690300598928,239.05404152884799
3109,0.44372672984260986,0.44372672984260986,240.08569937953479
3110,0.43213824004724771,0.43213824004724771,234.0303075184824
3111,0.4420597897655994,0.4420597897655994,242.44871547381791
3112,0.44735845903924443,0.44735845903924443,241.87911523826088
3113,0.44671478512027968,0.44671478512027968,240.22316015223191
3114,0.44171035387341684,0.44171035387341684,240.06079828655766
3115,0.44966129268488009,0.44966129268488009,242.63040987874206
3116,0.44484427848839186,0.44484427848839186,238.41511551829643
3117,0.44418524189690201,0.44418524189690201,242.80309113817967
3118,0.44513445382536376,0.44513445382536376,237.61917721841118
3119,0.43824289825370155,0.43824289825370155,236.92249368336587
3120,0.44631200129068638,0.44631200129068638,244.16303525634876
3121,0.44165535305984677,0.44165535305984677,239.9278987423821
3122,0.44375096587939405,0.44375096587939405,241.91267975509066
3123,0.4434391439102246,0.4434391439102246,238.83202436155938
3124,0.4418629051980143,0.4418629051980143,235.754477301446
3125,0.43547913810451283,0.43547913810451283,236.07158496524721
3126,0.43789771432665636,0.43789771432665636,236.80642607748877
3127,0.43872727211556273,0.43872727211556273,238.88098527674637
3128,0.42333449258746453,0.42333449258746453,231.46468309435403
3129,0.42596030494351467,0.42596030494351467,234.13723268391414
3130,0.42915338685370336,0.42915338685370336,236.82600553940242
3131,0.424409576995321,0.424409576995321,235.39057477883131
3132,0.42366933151941311,0.42366933151941311,233.03530601691756
3133,0.43127099398422947,0.43127099398422947,235.50251934942844
3134,0.42455130951739062,0.42455130951739062,233.37850567303062
3135,0.43711833108733006,0.43711833108733006,237.56095193578054
3136,0.4323293350998279,0.4323293350998279,235.83502080713069
3137,0.43243902889702746,0.43243902889702746,236.84201647109839
3138,0.4256727240866624,0.4256727240866624,234.56943753625038
3139,0.42778065955617323,0.42778065955617323,234.08288773951352
3140,0.42885134720043172,0.42885134720043172,235.16862122283743
3141,0.43010403546866616,0.43010403546866616,233.11938641085226
3142,0.43050158933301985,0.43050158933301985,234.91065385157077
3143,0.42971420742866895,0.42971420742866895,234.95285482837144
3144,0.4361550668819138,0.4361550668819138,236.29896276768278
3145,0.43404402918753149,0.43404402918753149,235.88643229186295
3146,0.44467505916366096,0.44467505916366096,238.62853745171032
3147,0.44562405404937622,0.44562405404937622,241.21100994171738
3148,0.43546365507759727,0.43546365507759727,233.35895106586463
3149,0.44555616569764822,0.44555616569764822,240.389730892833
3150,0.44559531971644456,0.44559531971644456,237.24958979387284
3151,0.45225621541191507,0.45225621541191507,243.74395503971135
3152,0.45412702949172451,0.45412702949172451,242.83345125639357
3153,0.45570247038507994,0.45570247038507994,243.81073630989391
3154,0.44573225881048906,0.44573225881048906,241.13235690496563
3155,0.45258466657486907,0.45258466657486907,241.40805448591777
3156,0.45353845850792823,0.45353845850792823,242.77537705553314
3157,0.44787448444286343,0.44787448444286343,237.88629799486921
3158,0.45006705282354531,0.45006705282354531,239.64425687260837
3159,0.44911858544263233,0.44911858544263233,239.07328707127118
3160,0.45285259875005579,0.45285259875005579,243.52830321773772
3161,0.44232448363591903,0.44232448363591903,239.64759734676142
3162,0.43861654395744737,0.43861654395744737,236.90782188423628
3163,0.44627078571240553,0.44627078571240553,241.66618908457775
3164,0.44612123950889621,0.44612123950889621,242.40104294469728
3165,0.44161696003001377,0.44161696003001377,240.77807209385952
3166,0.43905859144848564,0.43905859144848564,237.25054525957157
3167,0.44597188211599209,0.44597188211599209,240.23125480201423
3168,0.44445475072056945,0.44445475072056945,241.08580559936095
3169,0.44178879208143351,0.44178879208143351,238.12290327586487
3170,0.44222957009344305,0.44222957009344305,238.1459217357141
3171,0.44125626021426195,0.44125626021426195,241.25346413749085
3172,0.43696862137620507,0.43696862137620507,236.77458768987958
3173,0.43881551288233911,0.43881551288233911,239.62516023770769
3174,0.43802087348533847,0.43802087348533847,239.70372421397064
3175,0.43494071691065567,0.43494071691065567,240.10645206158847
3176,0.44076712956495612,0.44076712956495612,240.5047889062474
3177,0.43658619551314193,0.43658619551314193,240.51805185884649
3178,0.42700082199240341,0.42700082199240341,234.32872299404002
3179,0.44110268769498717,0.44110268769498717,241.46182813781775
3180,0.4339863968001712,0.4339863968001712,237.00968123252514
3181,0.44257978958251326,0.44257978958251326,240.69965586485941
3182,0.4365038579510262,0.4365038579510262,238.36213681499129
3183,0.43841227522423171,0.43841227522423171,239.62780576364949
3184,0.43798342006353097,0.43798342006353097,238.79295859163645
3185,0.43607040916999207,0.43607040916999207,239.85207458358917
3186,0.43921031854534159,0.43921031854534159,241.61668003006335
3187,0.4294790539311929,0.4294790539311929,232.92655224816826
3188,0.43161498531396819,0.43161498531396819,235.54969116929138
3189,0.43743416249641098,0.43743416249641098,239.19110458304607
3190,0.42991516896796034,0.42991516896796034,237.27658557361605
3191,0.43206261344039298,0.43206261344039298,237.32570320275403
3192,0.43672097036781687,0.43672097036781687,237.50307985904846
3193,0.43190240590805368,0.43190240590805368,236.32085612985225
3194,0.44721786597859153,0.44721786597859153,243.16684252718105
3195,0.44834441793887436,0.44834441793887436,244.66559432370588
3196,0.44159603967040839,0.44159603967040839,242.94289804702757
3197,0.43698195443707338,0.43698195443707338,237.90347963000377
3198,0.44363948678595022,0.44363948678595022,242.48512274318691
3199,0.44873085321025696,0.44873085321025696,245.83682423961901
3200,0.44039653049646948,0.44039653049646948,240.54666880200307
3201,0.44106767041355877,0.44106767041355877,239.69665579165752
3202,0.45398166647789084,0.45398166647789084,243.75549759380402
3203,0.44884915212305143,0.44884915212305143,243.48070114883362
3204,0.438985969710041,0.438985969710041,238.82980060063429
3205,0.43925356541042787,0.43925356541042787,237.9795779005126
3206,0.43748793934687819,0.43748793934687819,237.72644503208616
3207,0.44210463976584125,0.44210463976584125,241.25886135579805
3208,0.44317129734492422,0.44317129734492422,242.08433017238167
3209,0.44184435850026349,0.44184435850026349,240.49159365498718
3210,0.44647834423256183,0.44647834423256183,241.08091971774496
3211,0.44980345139137856,0.44980345139137856,243.17597764964586
3212,0.44403739367144135,0.44403739367144135,239.9324651003561
3213,0.44002539844381944,0.44002539844381944,238.70791866942969
3214,0.42784777029947324,0.42784777029947324,234.73943923225974
3215,0.41566580985744778,0.41566580985744778,231.31963787770428
3216,0.42970813983610451,0.42970813983610451,237.57083722194974
3217,0.42086546421367216,0.42086546421367216,234.08626400361237
3218,0.43455705058121907,0.43455705058121907,238.87171282332139
3219,0.44002469772754749,0.44002469772754749,241.11170960683438
3220,0.44709848267824792,0.44709848267824792,242.6592972302382
3221,0.44689512990077979,0.44689512990077979,241.01582613901559
3222,0.44508454816117327,0.44508454816117327,242.59864967736857
3223,0.4379309144702434,0.4379309144702434,236.48047841460752
3224,0.43886705873954845,0.43886705873954845,240.38895100897852
3225,0.44212710864397697,0.44212710864397697,240.65054859848678
3226,0.4456554711868943,0.4456554711868943,239.9047303253023
3227,0.4377070601584972,0.4377070601584972,237.27734051902704
3228,0.45211377250355023,0.45211377250355023,245.21727896760967
3229,0.45097940829845956,0.45097940829845956,244.06530101972982
3230,0.44745704116689955,0.44745704116689955,241.46664566236069
3231,0.44899998094471522,0.44899998094471522,242.24376342295227
3232,0.44698688359041461,0.44698688359041461,241.30842501557694
3233,0.44882283963494907,0.44882283963494907,242.23449465401259
3234,0.44819049425401108,0.44819049425401108,241.5490840543975
3235,0.45119017243041137,0.45119017243041137,243.21588076119747
3236,0.46011128223482289,0.46011128223482289,247.37630638607371
3237,0.45310366635508792,0.45310366635508792,241.6960685805935
3238,0.45718612758060806,0.45718612758060806,245.23043904685764
3239,0.46057898084116078,0.46057898084116078,247.34134924394297
3240,0.45538797399513681,0.45538797399513681,245.25729317187407
3241,0.45855780047625905,0.45855780047625905,246.16187479796366
3242,0.45612558667361808,0.45612558667361808,243.74721357672698
3243,0.45732302351070808,0.45732302351070808,244.93212040733411
3244,0.4519043582336823,0.4519043582336823,240.92368891613063
3245,0.45612487905443427,0.45612487905443427,244.71126133771432
3246,0.45056309452302273,0.45056309452302273,245.55515773089436
3247,0.44341240062894161,0.44341240062894161,240.93106291712041
3248,0.44690379483617226,0.44690379483617226,243.03408346924161
3249,0.43924244848208349,0.43924244848208349,239.89264205612966
3250,0.45142749803373061,0.45142749803373061,243.93041311613925
3251,0.43733603054502429,0.43733603054502429,239.01639191049495
3252,0.44982973306654295,0.44982973306654295,242.93689969884878
3253,0.44997603403313313,0.44997603403313313,245.02832756982053
3254,0.44579228070491289,0.44579228070491289,242.7047396741153
3255,0.44835758399973946,0.44835758399973946,245.0474326239158
3256,0.44794032109429593,0.44794032109429593,243.23291246700896
3257,0.44760110082851989,0.44760110082851989,241.80536513776889
3258,0.44314600396670167,0.44314600396670167,241.75071305645503
3259,0.44270496423357669,0.44270496423357669,240.8658474093248
3260,0.43550162789318403,0.43550162789318403,235.55328534892601
3261,0.44026088229648092,0.44026088229648092,237.1976229760152
3262,0.44788858496607353,0.44788858496607353,240.82268044836013
3263,0.44236021176614077,0.44236021176614077,242.52297563289591
3264,0.43678021260419586,0.43678021260419586,238.50447153948753
3265,0.43983124065899021,0.43983124065899021,240.9542973403928
3266,0.43593114898140628,0.43593114898140628,240.03022881253895
3267,0.4486786518040346,0.4486786518040346,244.12069047298746
3268,0.42886148711283339,0.42886148711283339,233.26351818542284
3269,0.43430654766646237,0.43430654766646237,237.06080135975839
3270,0.44380006637592295,0.44380006637592295,243.32410310711717
3271,0.4367317978570962,0.4367317978570962,239.62191576552146
3272,0.44227062851522564,0.44227062851522564,243.081597036321
3273,0.44347667536014124,0.44347667536014124,239.98644452597267
3274,0.44324615497615055,0.44324615497615055,238.95405138104078
3275,0.446304150236356,0.446304150236356,240.56840289079281
3276,0.44773669830987045,0.44773669830987045,241.27437081371983
3277,0.45376498499426454,0.45376498499426454,244.23776695308098
3278,0.44313107978932198,0.44313107978932198,239.55453316071134
3279,0.45590729250879225,0.45590729250879225,243.75288738092991
3280,0.44610730304948365,0.44610730304948365,239.52445107490172
3281,0.44628143889323046,0.44628143889323046,239.88875216021924
3282,0.44810489838791651,0.44810489838791651,241.08497160095698
3283,0.44920685837540769,0.44920685837540769,241.72186341188393
3284,0.43096154503042683,0.43096154503042683,232.77226432422626
3285,0.44367637532722115,0.44367637532722115,241.8898216331485
3286,0.44190972386269589,0.44190972386269589,239.86146645932899
3287,0.44098889880568259,0.44098889880568259,239.59566430118034
3288,0.44240184192714221,0.44240184192714221,239.26394939165681
3289,0.44338089915226081,0.44338089915226081,241.07390544852402
3290,0.44136577405687366,0.44136577405687366,239.91256942549694
3291,0.4460034022147209,0.4460034022147209,241.68344726459745
3292,0.45757094460484937,0.45757094460484937,245.55873625207886
3293,0.44430623394009255,0.44430623394009255,239.1192627430687
3294,0.45262283243263057,0.45262283243263057,241.00277310658188
3295,0.45554850105396005,0.45554850105396005,244.89260136171137
3296,0.45028613600310213,0.45028613600310213,242.38223208812346
3297,0.44753859738125257,0.44753859738125257,240.53538365607147
3298,0.44858700052417994,0.44858700052417994,242.43588005029483
3299,0.45506111944090299,0.45506111944090299,243.76946107430467
3300,0.45478357367983024,0.45478357367983024,244.76242306803084
3301,0.45982686698976866,0.45982686698976866,245.38750385874977
3302,0.45428813117566175,0.45428813117566175,242.19920134340276
3303,0.46105489657845611,0.46105489657845611,245.14127031846118
3304,0.4503749932950093,0.4503749932950093,241.97329677864869
3305,0.45534009098914063,0.45534009098914063,245.32732951136731
3306,0.44983620512618083,0.44983620512618083,241.96899399868806
3307,0.44433027355791099,0.44433027355791099,239.05490840451534
3308,0.44803633935794906,0.44803633935794906,240.43199952009303
3309,0.44800039848480644,0.44800039848480644,239.71967449365985
3310,0.45468160095054105,0.45468160095054105,243.44581784851744
3311,0.46596275415845689,0.46596275415845689,247.98923026561971
3312,0.45598870907581668,0.45598870907581668,243.4855009529947
3313,0.45766420083513781,0.45766420083513781,243.34626010098364
3314,0.44489966350751997,0.44489966350751997,237.32211879920192
3315,0.45370367924333055,0.45370367924333055,244.38810133981389
3316,0.44628447958690109,0.44628447958690109,242.7248637353851
3317,0.44078612746298801,0.44078612746298801,238.59430048285111
3318,0.44409057357882176,0.44409057357882176,242.6725798025314
3319,0.43867391906987419,0.43867391906987419,238.23119372954972
3320,0.43900602704200969,0.43900602704200969,239.79462211475993
3321,0.44364499651452827,0.44364499651452827,239.22022829972803
3322,0.43993315336758282,0.43993315336758282,239.55046445298746
3323,0.44254171963200389,0.44254171963200389,241.7765909745151
3324,0.44266104168972314,0.44266104168972314,241.15269831001734
3325,0.4424303792406083,0.4424303792406083,240.11635656519402
3326,0.43738275102641611,0.43738275102641611,238.85285946550812
3327,0.43978018596509794,0.43978018596509794,241.69247359499667
3328,0.42864523730082399,0.42864523730082399,235.84729481880254
3329,0.4431697745401168,0.4431697745401168,241.580030150753
3330,0.43832463068814331,0.43832463068814331,237.5437793095758
3331,0.44348963838089378,0.44348963838089378,242.0903640846991
3332,0.43601188939317648,0.43601188939317648,238.53458029296172
3333,0.43278894218571107,0.43278894218571107,236.68674444268225
3334,0.44140120814230616,0.44140120814230616,239.47728442892844
3335,0.44209720874413155,0.44209720874413155,242.00099796621527
3336,0.44064091631640168,0.44064091631640168,238.72850995674048
3337,0.43897247699822889,0.43897247699822889,239.70778525484303
3338,0.43844121143711778,0.43844121143711778,239.50282136067435
3339,0.44692057866049684,0.44692057866049684,245.06866944494655
3340,0.43382396787668165,0.43382396787668165,236.7959799915979
3341,0.42683106704945145,0.42683106704945145,234.72517658602769
3342,0.4393322294332479,0.4393322294332479,239.62351701769339
3343,0.43929298996753596,0.43929298996753596,239.08682789628477
3344,0.44432495837247965,0.44432495837247965,238.65098148736973
3345,0.45128468700058344,0.45128468700058344,241.87268196585683
3346,0.44991498830678028,0.44991498830678028,243.06007886246954
3347,0.45357516228928657,0.45357516228928657,245.84845720743388
3348,0.44503323967514541,0.44503323967514541,242.54336260369797
3349,0.45034045742516116,0.45034045742516116,243.77850968946731
3350,0.44402064485724335,0.44402064485724335,241.63993046940655
3351,0.44797067352485465,0.44797067352485465,241.01648141908973
3352,0.45395836241000581,0.45395836241000581,241.93981395774989
3353,0.44823519571828224,0.44823519571828224,240.90222467041022
3354,0.4455207730322443,0.4455207730322443,242.55130410659754
3355,0.43731959509308116,0.43731959509308116,235.60215862756095
3356,0.44219448946468293,0.44219448946468293,241.09331063495887
3357,0.44638304734721901,0.44638304734721901,243.63410620728638
3358,0.44793956803427842,0.44793956803427842,241.7384235040162
3359,0.45298653739980549,0.45298653739980549,243.49995946527162
3360,0.45438295634407339,0.45438295634407339,246.09248264172766
3361,0.45959012554661161,0.45959012554661161,246.07330945497637
3362,0.4456402138639371,0.4456402138639371,240.62903608819585
3363,0.44278031131589729,0.44278031131589729,243.13389162600978
3364,0.44242724365341424,0.44242724365341424,241.42199108651397
3365,0.45338261699689858,0.45338261699689858,244.99866014428872
3366,0.44843395715954937,0.44843395715954937,244.52993130513124
3367,0.43651974864482462,0.43651974864482462,239.95357502848589
3368,0.4407130994501271,0.4407130994501271,240.46282326621707
3369,0.42969488939457368,0.42969488939457368,237.56866860126956
3370,0.43806218737627106,0.43806218737627106,241.7812292037855
3371,0.42501674896774455,0.42501674896774455,235.40309636094207
3372,0.43358664282578741,0.43358664282578741,241.03191050647638
3373,0.43651240895557752,0.43651240895557752,239.1640383122739
3374,0.42818607773399114,0.42818607773399114,238.9260736287375
3375,0.43880152637499598,0.43880152637499598,241.31965705530678
3376,0.43456516387694066,0.43456516387694066,238.80515324114171
3377,0.44331483531228794,0.44331483531228794,243.19224346613527
3378,0.43766947585858046,0.43766947585858046,245.40863071519988
3379,0.44655567176046296,0.44655567176046296,243.79767259613382
3380,0.44140831233743116,0.44140831233743116,242.2598838577415
3381,0.44987367390743166,0.44987367390743166,243.67339811347875
3382,0.45063900928140566,0.45063900928140566,245.36807346940304
3383,0.44609229914884585,0.44609229914884585,247.17942988140999
3384,0.43386489805161821,0.43386489805161821,240.64061613947507
3385,0.43685537179578304,0.43685537179578304,242.23935541115605
3386,0.43539730920551112,0.43539730920551112,239.98231975413336
3387,0.44768544011742273,0.44768544011742273,245.34529585524251
3388,0.43540645331939548,0.43540645331939548,238.26058624179072
3389,0.44959726428470781,0.44959726428470781,245.26857566105201
3390,0.44496543556969498,0.44496543556969498,243.95498153133227
3391,0.43575164255804671,0.43575164255804671,238.34366257585697
3392,0.44368009404144493,0.44368009404144493,241.07074114656498
3393,0.44198695073856814,0.44198695073856814,244.95961443486948
3394,0.43285430122108276,0.43285430122108276,237.92464091899359
3395,0.45005824845812475,0.45005824845812475,240.33034802467333
3396,0.44352103771550999,0.44352103771550999,243.6343149744327
3397,0.44547188146598404,0.44547188146598404,240.87445060575084
3398,0.44428416485527167,0.44428416485527167,241.97164688590905
3399,0.44111201148465407,0.44111201148465407,239.37203554209546
3400,0.44060251691628044,0.44060251691628044,238.93332764276184
3401,0.43603780865044833,0.43603780865044833,239.96003270872774
3402,0.43801184678826505,0.43801184678826505,238.90961548195781
3403,0.43910616104426492,0.43910616104426492,238.08861283921107
3404,0.43760764444531952,0.43760764444531952,237.07807681888329
3405,0.44017202838467695,0.44017202838467695,238.34531370171166
3406,0.44305417125024399,0.44305417125024399,241.75810207703412
3407,0.43342895385951641,0.43342895385951641,237.37263504585593
3408,0.43001056717420505,0.43001056717420505,234.49678709208644
3409,0.43631235888473974,0.43631235888473974,237.99695943595825
3410,0.42947415436710773,0.42947415436710773,238.97084475324885
3411,0.42776087337025237,0.42776087337025237,238.31037842598317
3412,0.43404012613031934,0.43404012613031934,238.42702972573517
3413,0.43235215362525403,0.43235215362525403,236.74056601467478
3414,0.43927630820217695,0.43927630820217695,239.21691575037366
3415,0.43658022972636257,0.43658022972636257,237.76646718198691
3416,0.45423281851253161,0.45423281851253161,244.38417502814028
3417,0.45050902550386818,0.45050902550386818,239.69428877113592
3418,0.44964856455852908,0.44964856455852908,237.95359888920603
3419,0.44497119093987852,0.44497119093987852,238.81998047443903
3420,0.44692197338949685,0.44692197338949685,238.8703815267524
3421,0.4573826064248584,0.4573826064248584,244.52436587304388
3422,0.44776833922125769,0.44776833922125769,239.88379780452505
3423,0.44577373605785597,0.44577373605785597,240.73485205611183
3424,0.44719872336539501,0.44719872336539501,241.47822655625208
3425,0.44734683005219955,0.44734683005219955,240.84841030649144
3426,0.43706212187288651,0.43706212187288651,236.49900101824193
3427,0.44334801007898317,0.44334801007898317,238.87713727023046
3428,0.44255950396295535,0.44255950396295535,238.1772833741299
3429,0.45251517211506131,0.45251517211506131,243.28684130201532
3430,0.4468344310032597,0.4468344310032597,239.15526701226054
3431,0.43014703568268198,0.43014703568268198,232.12569661767628
3432,0.43416832023766705,0.43416832023766705,233.67607002721769
3433,0.42613462699614979,0.42613462699614979,229.43158923974596
3434,0.43987661153405649,0.43987661153405649,237.89809181845402
3435,0.44021225040996859,0.44021225040996859,237.55454815141874
3436,0.44042571042821094,0.44042571042821094,237.54852690224419
3437,0.4456840139360379,0.4456840139360379,239.54838203045946
3438,0.43669754583426357,0.43669754583426357,235.78649617786027
3439,0.45092082957227986,0.45092082957227986,240.08229232237392
3440,0.44792665123822462,0.44792665123822462,240.5997006608583
3441,0.44400452511381638,0.44400452511381638,239.41248452973491
3442,0.45218742755984864,0.45218742755984864,242.82278091454197
3443,0.44746706306018869,0.44746706306018869,240.99658637058775
3444,0.44634300137556238,0.44634300137556238,241.6769855375581
3445,0.45120086423247185,0.45120086423247185,243.45598248786541
3446,0.44755668515618208,0.44755668515618208,241.5071161222549
3447,0.44342855576586987,0.44342855576586987,240.92608607087359
3448,0.44410381548162015,0.44410381548162015,241.07508724995643
3449,0.44083720798007331,0.44083720798007331,240.47015814980222
3450,0.4345911293319154,0.4345911293319154,238.11944810553717
3451,0.44119869720069893,0.44119869720069893,239.7540794746009
3452,0.4323436086237219,0.4323436086237219,235.70583042772896
3453,0.44408569347942156,0.44408569347942156,241.56944303783143
3454,0.44888880696265793,0.44888880696265793,243.49973315199881
3455,0.45106405385636189,0.45106405385636189,243.57884870505131
3456,0.42764327237740457,0.42764327237740457,231.28790022838203
3457,0.44400714071312936,0.44400714071312936,240.67834500987169
3458,0.44340341190373156,0.44340341190373156,244.14646562676572
3459,0.4493938636903293,0.4493938636903293,242.10421983430487
3460,0.44119404819139324,0.44119404819139324,241.15758725572041
3461,0.45235679337126111,0.45235679337126111,244.83529432038466
3462,0.45408699493073124,0.45408699493073124,246.35151754591092
3463,0.45345568646176942,0.45345568646176942,244.79834966043646
3464,0.45357262011785932,0.45357262011785932,243.31466632811006
3465,0.44064732259193651,0.44064732259193651,239.38102603175267
3466,0.44531103090021518,0.44531103090021518,239.34452507492111
3467,0.45603832151646817,0.45603832151646817,246.24998361926458
3468,0.46050641472578918,0.46050641472578918,245.04243224121097
3469,0.44675205610892554,0.44675205610892554,241.22468754730471
3470,0.46396180324679809,0.46396180324679809,244.82368287162566
3471,0.44433613062252242,0.44433613062252242,236.67941677248504
3472,0.46120391746740275,0.46120391746740275,244.65595544352055
3473,0.44945791635237498,0.44945791635237498,242.04636576819081
3474,0.45828944119631876,0.45828944119631876,246.95394814742949
3475,0.45293168107632475,0.45293168107632475,243.55982195490247
3476,0.44531304913231101,0.44531304913231101,242.34216140305716
3477,0.44975956872690154,0.44975956872690154,243.88932231913003
3478,0.44357870639680358,0.44357870639680358,241.37804468861154
3479,0.44797120099558319,0.44797120099558319,244.39774769253708
3480,0.45229651606397808,0.45229651606397808,245.5273682255002
3481,0.45426894939319978,0.45426894939319978,243.65494736016825
3482,0.45011085057877454,0.45011085057877454,241.46619898362496
3483,0.45965840804546687,0.45965840804546687,246.89876706440774
3484,0.45152897561836197,0.45152897561836197,241.8269111639614
3485,0.46288366001538372,0.46288366001538372,246.85505999025503
3486,0.45305464929012745,0.45305464929012745,242.28668786063901
3487,0.45344391331899148,0.45344391331899148,243.19899663618034
3488,0.45054443121761734,0.45054443121761734,243.14883422548058
3489,0.45642694509509185,0.45642694509509185,245.49820767106638
3490,0.45944473234373628,0.45944473234373628,246.46718665997142
3491,0.45331853719585957,0.45331853719585957,239.02413109084583
3492,0.4538954016629263,0.4538954016629263,241.98251773415367
3493,0.4551191984500188,0.4551191984500188,241.54853973326379
3494,0.4502332156557306,0.4502332156557306,239.98995746289583
3495,0.44924425445335475,0.44924425445335475,242.48640364613021
3496,0.44903056392153406,0.44903056392153406,241.46381223629609
3497,0.46333442783376544,0.46333442783376544,247.15046380809113
3498,0.46080070200830991,0.46080070200830991,248.38655390125209
3499,0.45610562778192804,0.45610562778192804,240.50950557487801
3500,0.46789950855707679,0.46789950855707679,247.39486169751299
3501,0.45940311069296769,0.45940311069296769,243.34090722378491
3502,0.45443949181578214,0.45443949181578214,242.59143975061451
3503,0.44900682522991636,0.44900682522991636,238.39651735101739
3504,0.46214479534830105,0.46214479534830105,247.10835757437499
3505,0.4575327763886447,0.4575327763886447,242.11287420980184
3506,0.45685380981652968,0.45685380981652968,240.90099853643784
3507,0.4697448373654397,0.4697448373654397,247.83654651249543
3508,0.45700315977071237,0.45700315977071237,242.51224159521652
3509,0.46430058823506409,0.46430058823506409,244.10365171758721
3510,0.45759597930991414,0.45759597930991414,241.73674469054913
3511,0.44433699597338749,0.44433699597338749,234.57273599405752
3512,0.45008140178178035,0.45008140178178035,238.47523208274774
3513,0.45729358330391295,0.45729358330391295,244.25479796088962
3514,0.44762640609730442,0.44762640609730442,238.34565740257958
3515,0.46171882643146739,0.46171882643146739,245.23936483269259
3516,0.45076885949460116,0.45076885949460116,240.07497133214673
3517,0.45118327887398335,0.45118327887398335,240.64511514246109
3518,0.44731553256741519,0.44731553256741519,241.44864711558421
3519,0.44549204390858427,0.44549204390858427,241.80494164892616
3520,0.44086374297326225,0.44086374297326225,238.9480970657709
3521,0.44762983739178192,0.44762983739178192,244.01333288567079
3522,0.44214062156587702,0.44214062156587702,238.60257681050675
3523,0.43672719999049142,0.43672719999049142,237.90782315831629
3524,0.43670229028777624,0.43670229028777624,237.67117804757828
3525,0.44074151741365447,0.44074151741365447,239.76291858752103
3526,0.43918340013521384,0.43918340013521384,240.4751848602551
3527,0.43370612183981477,0.43370612183981477,239.15655906910905
3528,0.4389659954651437,0.4389659954651437,239.17919001900538
3529,0.44661777853393891,0.44661777853393891,240.42443121453124
3530,0.44367423406490947,0.44367423406490947,241.10268304297998
3531,0.43411216814620779,0.43411216814620779,236.16408625335981
3532,0.44035463686986187,0.44035463686986187,236.689342422371
3533,0.44861220711194782,0.44861220711194782,243.16986577729904
3534,0.44924903252875553,0.44924903252875553,240.71123792664721
3535,0.45940011108628553,0.45940011108628553,247.53868246870087
3536,0.45262614945236718,0.45262614945236718,242.71881463962436
3537,0.45735757901043328,0.45735757901043328,247.46311253141522
3538,0.45666543337492643,0.45666543337492643,246.79175917242483
3539,0.44979908714262951,0.44979908714262951,242.0837707730785
3540,0.45563534106614662,0.45563534106614662,245.83064559095345
3541,0.45144779549826053,0.45144779549826053,242.59835708238811
3542,0.45189079643492802,0.45189079643492802,239.779177058931
3543,0.45097189161326962,0.45097189161326962,241.55660255550953
3544,0.44269704364383411,0.44269704364383411,239.22495855182009
3545,0.45105601570978909,0.45105601570978909,243.26721770328854
3546,0.44591172942518043,0.44591172942518043,240.2008993346372
3547,0.45125086007908688,0.45125086007908688,244.9141572262773
3548,0.45370445123341108,0.45370445123341108,244.26285240546213
3549,0.45088831774150806,0.45088831774150806,244.75658724715626
3550,0.45487824954654565,0.45487824954654565,244.73540948194676
3551,0.45415816076089205,0.45415816076089205,246.2025498350055
3552,0.44030013334394946,0.44030013334394946,238.5689186918913
3553,0.45411422080524078,0.45411422080524078,242.88976581892993
3554,0.44773874789130313,0.44773874789130313,243.37784245251868
3555,0.4369078665576952,0.4369078665576952,237.13628796974689
3556,0.45360679509982232,0.45360679509982232,246.91785630392695
3557,0.44459374266211638,0.44459374266211638,242.68844216409693
3558,0.44965639911344973,0.44965639911344973,244.00549564421189
3559,0.44019680977654929,0.44019680977654929,238.96086676939558
3560,0.44955521792108505,0.44955521792108505,240.9692639717633
3561,0.45191360882113391,0.45191360882113391,240.33021571674345
3562,0.45621362919819963,0.45621362919819963,240.96240201397978
3563,0.46275414955895444,0.46275414955895444,246.90266349096981
3564,0.44999954370039408,0.44999954370039408,238.45042467861717
3565,0.45530433937865222,0.45530433937865222,240.69719905019775
3566,0.4527727162485552,0.4527727162485552,241.33868621629321
3567,0.46074328355018707,0.46074328355018707,245.28095473372224
3568,0.45714860531789103,0.45714860531789103,243.77106794083042
3569,0.44167869830885254,0.44167869830885254,236.45802840398414
3570,0.45810772174773051,0.45810772174773051,241.92076565732117
3571,0.45613518404849895,0.45613518404849895,243.73335214263457
3572,0.45206866528827944,0.45206866528827944,241.57652334927025
3573,0.4591184790607718,0.4591184790607718,244.87865806676518
3574,0.45939681246578806,0.45939681246578806,243.63262512609427
3575,0.45347058770526383,0.45347058770526383,243.82105088358966
3576,0.45856973136787171,0.45856973136787171,246.83739896627739
3577,0.45039154493733902,0.45039154493733902,244.28428567631909
3578,0.44827144348651232,0.44827144348651232,240.42829909816601
3579,0.46312408098428898,0.46312408098428898,246.54718315059935
3580,0.45705179373519461,0.45705179373519461,242.78194551207244
3581,0.44693932659671576,0.44693932659671576,240.44052508367167
3582,0.44809080207673258,0.44809080207673258,243.41354458694028
3583,0.42318300447146823,0.42318300447146823,230.40220244611433
3584,0.43785849813309896,0.43785849813309896,238.78046733312573
3585,0.43952131307652875,0.43952131307652875,238.66191537230208
3586,0.44091646878804769,0.44091646878804769,239.95028245263862
3587,0.43370000335951814,0.43370000335951814,237.25656642507715
3588,0.43201988241910988,0.43201988241910988,236.71001656393892
3589,0.43813618247664693,0.43813618247664693,238.34936847020526
3590,0.4402588321777457,0.4402588321777457,240.98955160234419
3591,0.43067360283233852,0.43067360283233852,236.92101987470295
3592,0.43486476333648943,0.43486476333648943,238.99507223924667
3593,0.43507260198779385,0.43507260198779385,240.45148682876453
3594,0.42838930535608438,0.42838930535608438,236.69771129858267
3595,0.43594823439955821,0.43594823439955821,239.73118353163869
3596,0.43991557422214295,0.43991557422214295,238.58228070227955
3597,0.44938238917939433,0.44938238917939433,242.71703425280975
3598,0.44623461540211978,0.44623461540211978,239.98963296590591
3599,0.4465402793851016,0.4465402793851016,243.00790030065906
3600,0.45255197195863639,0.45255197195863639,242.7180461706011
3601,0.43385984755667606,0.43385984755667606,235.58211947398394
3602,0.44756334016660571,0.44756334016660571,238.69940272252535
3603,0.44637392880680016,0.44637392880680016,241.07346004784077
3604,0.44812764696061969,0.44812764696061969,241.5797721579288
3605,0.44835628017623214,0.44835628017623214,242.47480180240956
3606,0.44672763687390782,0.44672763687390782,241.15817251968716
3607,0.43818160860496497,0.43818160860496497,235.86857508564685
3608,0.44571356212239799,0.44571356212239799,240.20851079370945
3609,0.44605440948381014,0.44605440948381014,242.18452296401364
3610,0.44128094947932439,0.44128094947932439,240.16258773822975
3611,0.44600831174561534,0.44600831174561534,241.56974755612805
3612,0.43299788643081055,0.43299788643081055,237.33907765276422
3613,0.44749581847688297,0.44749581847688297,242.03777586520118
3614,0.44733183828956546,0.44733183828956546,243.11581238720115
3615,0.44788773813697852,0.44788773813697852,241.31964530290125
3616,0.44972779272174473,0.44972779272174473,241.95260410381692
3617,0.44285826975210912,0.44285826975210912,239.46455546939274
3618,0.45168998704145835,0.45168998704145835,241.33478659754695
3619,0.46645536971179108,0.46645536971179108,247.16154405572615
3620,0.45527403964174812,0.45527403964174812,245.61049302939546
3621,0.44831776567639692,0.44831776567639692,242.40754563113995
3622,0.45885083918114933,0.45885083918114933,245.27582924822201
3623,0.45323641522538133,0.45323641522538133,245.58355117503507
3624,0.45727604345608769,0.45727604345608769,243.87381757241093
3625,0.46277818169192331,0.46277818169192331,246.5961904729962
3626,0.46174732544911345,0.46174732544911345,247.78355799351283
3627,0.46317320549512953,0.46317320549512953,248.85941518520173
3628,0.4546874808740099,0.4546874808740099,241.94767615176596
3629,0.45672677508103848,0.45672677508103848,245.9860363865495
3630,0.45026866676432908,0.45026866676432908,241.54825729920353
3631,0.45561397638640111,0.45561397638640111,246.137491950819
3632,0.46405810889101884,0.46405810889101884,247.95189149398146
3633,0.45480933645496835,0.45480933645496835,246.12098180120205
3634,0.44533808813761172,0.44533808813761172,240.36416208074402
3635,0.45188691040701673,0.45188691040701673,245.01230797833097
3636,0.44674472732599985,0.44674472732599985,243.51457849422019
3637,0.44569106201344388,0.44569106201344388,242.23239916241727
3638,0.44717406039882801,0.44717406039882801,243.10498705881386
3639,0.44934587432424128,0.44934587432424128,243.60185160442364
3640,0.4329997099780849,0.4329997099780849,237.11134144653437
3641,0.42930342827168666,0.42930342827168666,233.54484556328143
3642,0.45008291055228627,0.45008291055228627,242.52280517628415
3643,0.44802026023699754,0.44802026023699754,240.72188672700867
3644,0.44582996993833157,0.44582996993833157,236.25532798883
3645,0.44949965576601336,0.44949965576601336,240.60488399294795
3646,0.44495471592179819,0.44495471592179819,238.37659521647629
3647,0.44201155442895113,0.44201155442895113,237.53468437129149
3648,0.45057342889330848,0.45057342889330848,239.46979537834295
3649,0.44766371340635869,0.44766371340635869,238.46106676970848
3650,0.45868498569246335,0.45868498569246335,241.96707335151791
3651,0.45733486546851154,0.45733486546851154,243.77396940962643
3652,0.44712789200229952,0.44712789200229952,237.25332323672447
3653,0.43880870734935462,0.43880870734935462,234.35791210462071
3654,0.44151805813771061,0.44151805813771061,235.89657534730546
3655,0.45168112392157866,0.45168112392157866,240.53622206461915
3656,0.45170927737762839,0.45170927737762839,242.83132949700885
3657,0.45233788765608302,0.45233788765608302,241.9731280256151
3658,0.4610402920812941,0.4610402920812941,246.25176481540569
3659,0.45518410828925326,0.45518410828925326,244.18462496667189
3660,0.45680756089448177,0.45680756089448177,244.07698610197758
3661,0.46279004369003562,0.46279004369003562,245.89104736946956
3662,0.46023650206171568,0.46023650206171568,243.53570880194547
3663,0.46115582145266359,0.46115582145266359,243.26100404258335
3664,0.44687626913974288,0.44687626913974288,237.28695371179757
3665,0.4446167815144566,0.4446167815144566,238.34409897322379
3666,0.44568882620681921,0.44568882620681921,240.36855914730623
3667,0.44211238654350071,0.44211238654350071,238.49485844881656
3668,0.43865326656336628,0.43865326656336628,237.78252542453598
3669,0.45676988291416409,0.45676988291416409,243.19558382093595
3670,0.44435467410309892,0.44435467410309892,238.00285235478469
3671,0.44604537765462704,0.44604537765462704,237.95827996313938
3672,0.4530369240727315,0.4530369240727315,238.84569699632789
3673,0.44521765834428512,0.44521765834428512,237.08611663999127
3674,0.44332892330413876,0.44332892330413876,233.07887868415202
3675,0.45246626957615205,0.45246626957615205,239.71136950386693
3676,0.4481235192055627,0.4481235192055627,239.79771778766491
3677,0.44203741044651029,0.44203741044651029,235.58179771686702
3678,0.444681829073233,0.444681829073233,234.09987283011864
3679,0.45014176335123113,0.45014176335123113,237.49295620288558
3680,0.44146667591822003,0.44146667591822003,234.20973868443207
3681,0.44757616415140722,0.44757616415140722,235.63984693679845
3682,0.45144883315232487,0.45144883315232487,237.27562874823533
3683,0.45115221462456512,0.45115221462456512,236.02519406669703
3684,0.44815190190207516,0.44815190190207516,237.49116112891898
3685,0.4584738232501902,0.4584738232501902,240.62375554863064
3686,0.44173958176479849,0.44173958176479849,236.19857780681801
3687,0.45763130895134096,0.45763130895134096,242.81394206430235
3688,0.46166085782177452,0.46166085782177452,245.26308702015427
3689,0.45815573006965848,0.45815573006965848,243.27165673477856
3690,0.44600645138605755,0.44600645138605755,237.88357915332239
3691,0.45979949598654279,0.45979949598654279,245.58366941180034
3692,0.44589359361102421,0.44589359361102421,239.33451256574276
3693,0.45587466734490462,0.45587466734490462,242.94622819451826
3694,0.45286573432268973,0.45286573432268973,242.79128205309053
3695,0.44655835301577468,0.44655835301577468,239.32551161072965
3696,0.44501331375481118,0.44501331375481118,236.79292870658793
3697,0.45502174027094144,0.45502174027094144,241.82289143121017
3698,0.45416567534025365,0.45416567534025365,241.53371449259302
3699,0.45872243201164586,0.45872243201164586,242.43680343893257
3700,0.44180249492922591,0.44180249492922591,236.10647008162908
3701,0.45456420667663489,0.45456420667663489,240.63567511139118
3702,0.45499402472088502,0.45499402472088502,238.82031014267855
3703,0.45876633560478436,0.45876633560478436,243.50088380481702
3704,0.45620022573820035,0.45620022573820035,241.01450859774059
3705,0.4486006627578264,0.4486006627578264,239.35581415838766
3706,0.45458057263168233,0.45458057263168233,242.56786193319508
3707,0.44693489548541637,0.44693489548541637,241.20618892531621
3708,0.44844091187135726,0.44844091187135726,240.15025239957473
3709,0.46078131490099372,0.46078131490099372,246.11423898830617
3710,0.45613218580908593,0.45613218580908593,242.95424293718551
3711,0.45197612242288387,0.45197612242288387,240.10497674193479
3712,0.45217059870646681,0.45217059870646681,240.10637546827533
3713,0.44884802689792902,0.44884802689792902,242.39250241930336
3714,0.46086386858551887,0.46086386858551887,246.07397792762799
3715,0.45619715821112505,0.45619715821112505,244.77608734234278
3716,0.46118168080902028,0.46118168080902028,243.33341657829601
3717,0.45537431507469783,0.45537431507469783,242.89716486383986
3718,0.4450337544530843,0.4450337544530843,236.89922634130807
3719,0.44945453047806039,0.44945453047806039,240.96043646975914
3720,0.447527808734694,0.447527808734694,240.72632284251713
3721,0.44757797406786093,0.44757797406786093,238.42655773294206
3722,0.44155187081096547,0.44155187081096547,238.65179047996648
3723,0.44644927294767134,0.44644927294767134,237.15897152877378
3724,0.45396314960526085,0.45396314960526085,241.43123412078975
3725,0.44611044584884363,0.44611044584884363,238.39970772991668
3726,0.4499312224667914,0.4499312224667914,241.83918794307266
3727,0.4428170179680137,0.4428170179680137,239.10301670774871
3728,0.44727987052330054,0.44727987052330054,241.7422656750295
3729,0.44594247259883024,0.44594247259883024,241.49582459468257
3730,0.44427358230687564,0.44427358230687564,237.73868739858349
3731,0.45879593207083869,0.45879593207083869,243.74605028873566
3732,0.46398471913243233,0.46398471913243233,246.17889572671311
3733,0.44763059660538607,0.44763059660538607,240.78939193969899
3734,0.45619040367547115,0.45619040367547115,240.24031148214462
3735,0.44809789574569425,0.44809789574569425,240.21223502093818
3736,0.45425142712794597,0.45425142712794597,241.13696872284041
3737,0.45034658821166884,0.45034658821166884,240.32602077709572
3738,0.46181217447225614,0.46181217447225614,244.29649460174974
3739,0.45771129026293284,0.45771129026293284,243.04451091036816
3740,0.45801376711343156,0.45801376711343156,243.98819313082382
3741,0.45231844701696466,0.45231844701696466,242.04063404878485
3742,0.45431808313525879,0.45431808313525879,242.4917082443697
3743,0.44994219102066985,0.44994219102066985,241.7286352669484
3744,0.44934564686671352,0.44934564686671352,241.8988487180564
3745,0.46119281746055485,0.46119281746055485,243.71181935010927
3746,0.45359387856285294,0.45359387856285294,243.66300649632012
3747,0.45634102954398925,0.45634102954398925,243.7896438969056
3748,0.45621901218299604,0.45621901218299604,242.76403141308387
3749,0.45418304231425954,0.45418304231425954,243.75139884637997
3750,0.45988981133947143,0.45988981133947143,242.24049970246574
3751,0.45616545385244872,0.45616545385244872,243.1337767360541
3752,0.45252991798988795,0.45252991798988795,240.31739840877253
3753,0.453799450786535,0.453799450786535,240.17535763071183
3754,0.46269261350070379,0.46269261350070379,247.18352041660259
3755,0.46018432532554365,0.46018432532554365,244.86009340856612
3756,0.44858981054462743,0.44858981054462743,240.0580631221215
3757,0.45884116721732404,0.45884116721732404,242.19470395104912
3758,0.45547026044844541,0.45547026044844541,244.01751135686271
3759,0.45649605641410335,0.45649605641410335,244.46235919500751
3760,0.45614253581193953,0.45614253581193953,242.4468242077362
3761,0.45639432976951094,0.45639432976951094,239.27089865333787
3762,0.45112396230940544,0.45112396230940544,239.87222421208176
3763,0.44875716095067097,0.44875716095067097,240.30944637315051
3764,0.45431118485333322,0.45431118485333322,241.56308329276425
3765,0.45586744328311191,0.45586744328311191,244.03344496085782
3766,0.44117012419412721,0.44117012419412721,237.54316328711283
3767,0.45390309506110188,0.45390309506110188,242.03156702832811
3768,0.45212514860460162,0.45212514860460162,241.5977953703823
3769,0.4477874330332875,0.4477874330332875,239.37631590123192
3770,0.4359563480533476,0.4359563480533476,236.66806027490048
3771,0.44385654984465794,0.44385654984465794,237.93026059234109
3772,0.43029826703759533,0.43029826703759533,230.48570962681237
3773,0.45351588120579522,0.45351588120579522,242.2218278241115
3774,0.44579420348854565,0.44579420348854565,237.72264423202517
3775,0.44199727396518068,0.44199727396518068,234.13327008208836
3776,0.45383291807420029,0.45383291807420029,241.16783896158759
3777,0.44181838325342693,0.44181838325342693,237.35062993122878
3778,0.4452815460581746,0.4452815460581746,238.99741712925842
3779,0.44871180387604115,0.44871180387604115,239.69683456074389
3780,0.44916911611103327,0.44916911611103327,238.4097490373602
3781,0.44945503778390627,0.44945503778390627,239.01303624087103
3782,0.44486738570813922,0.44486738570813922,235.4030444572183
3783,0.44302052111570889,0.44302052111570889,233.52847596719826
3784,0.44697015373331278,0.44697015373331278,235.30035656355236
3785,0.43638943823987331,0.43638943823987331,234.42826622517487
3786,0.45038162776611373,0.45038162776611373,239.72614293294026
3787,0.44565346894853308,0.44565346894853308,239.44827957682256
3788,0.44885624147825987,0.44885624147825987,237.48422204650569
3789,0.43334687940703043,0.43334687940703043,232.57142060915695
3790,0.4424860156557931,0.4424860156557931,237.16964291346079
3791,0.44413813089765652,0.44413813089765652,236.30486908910717
3792,0.44384955879688404,0.44384955879688404,237.74027505649738
3793,0.43934536213159614,0.43934536213159614,234.76152922089005
3794,0.45832432869637485,0.45832432869637485,242.26522477963528
3795,0.44242578998679233,0.44242578998679233,235.47763229471803
3796,0.44729511844721126,0.44729511844721126,235.27451898928803
3797,0.45521631384089634,0.45521631384089634,241.49015055474047
3798,0.45263124206463196,0.45263124206463196,237.62042701046357
3799,0.46149223648685894,0.46149223648685894,242.46526046716946
3800,0.45637890029080619,0.45637890029080619,240.95223771052548
3801,0.45787868818006477,0.45787868818006477,242.91419878998968
3802,0.43517000217950547,0.43517000217950547,229.05143543817098
3803,0.45730854328233972,0.45730854328233972,243.31616671875713
3804,0.45869522490832704,0.45869522490832704,243.30209600266093
3805,0.45082209713082461,0.45082209713082461,236.6586959587963
3806,0.45524008447660325,0.45524008447660325,244.22321179774266
3807,0.4589414473066819,0.4589414473066819,244.17958563651865
3808,0.45959363327471092,0.45959363327471092,243.28919708074145
3809,0.45601899154018044,0.45601899154018044,241.34013418600085
3810,0.45833189146765507,0.45833189146765507,243.08691172370354
3811,0.4503497457222051,0.4503497457222051,239.07510277679322
3812,0.45728584921933413,0.45728584921933413,241.80190444749752
3813,0.46116538383537503,0.46116538383537503,242.96764793992278
3814,0.45169585246220273,0.45169585246220273,240.65190021347567
3815,0.45554418556826121,0.45554418556826121,242.28784551325816
3816,0.45460511898974321,0.45460511898974321,241.57161075025738
3817,0.44297927112207913,0.44297927112207913,240.09753805655208
3818,0.45165547084237045,0.45165547084237045,239.80141524744258
3819,0.46370294700039477,0.46370294700039477,245.97111034915596
3820,0.45091225990012634,0.45091225990012634,242.60635833010505
3821,0.44000320323357522,0.44000320323357522,235.77095520206953
3822,0.45160654834132663,0.45160654834132663,239.42807245650911
3823,0.46436552533347103,0.46436552533347103,246.30256179607915
3824,0.4652637953191251,0.4652637953191251,245.91098023472296
3825,0.46600506891342197,0.46600506891342197,246.17357658740775
3826,0.46338545681888454,0.46338545681888454,243.83075124949784
3827,0.47683160077877729,0.47683160077877729,249.68142469393894
3828,0.46982562356466229,0.46982562356466229,245.05409600337262
3829,0.46692538664897293,0.46692538664897293,242.52409882476496
3830,0.4663237932722078,0.4663237932722078,242.0110492141614
3831,0.47190845469348908,0.47190845469348908,245.6373922533233
3832,0.46542266206328742,0.46542266206328742,240.67144169606186
3833,0.47008285843452152,0.47008285843452152,247.9813367252008
3834,0.47350794471768742,0.47350794471768742,248.24021072095206
3835,0.46533448375411918,0.46533448375411918,243.0152778789793
3836,0.45601418217476564,0.45601418217476564,239.53059015848709
3837,0.47033253542048953,0.47033253542048953,248.09985943724328
3838,0.47142264559125674,0.47142264559125674,247.33349887790618
3839,0.45921216958143668,0.45921216958143668,242.25133613780014
3840,0.46191702727127371,0.46191702727127371,244.53625432798782
3841,0.46381835569567081,0.46381835569567081,244.5944500644232
3842,0.45519775030101339,0.45519775030101339,242.17981325739885
3843,0.46220936478918817,0.46220936478918817,242.98360826286427
3844,0.46121011436266623,0.46121011436266623,244.93791116858179
3845,0.46718193261501373,0.46718193261501373,246.46562293877133
3846,0.46809786805446957,0.46809786805446957,245.04019557951938
3847,0.46026489189063052,0.46026489189063052,245.2505379995593
3848,0.4456124564096548,0.4456124564096548,237.95929006146713
3849,0.46263769901259294,0.46263769901259294,244.14179070118408
3850,0.461847992170621,0.461847992170621,243.33474260638528
3851,0.45523201855006512,0.45523201855006512,241.33464774959111
3852,0.45924501115596517,0.45924501115596517,246.42950611701741
3853,0.45039254775021098,0.45039254775021098,239.6827310054874
3854,0.46235817857771294,0.46235817857771294,247.80872308657734
3855,0.46327869507006653,0.46327869507006653,245.61502748137463
3856,0.46007699895510934,0.46007699895510934,244.79925971942043
3857,0.46001640357973433,0.46001640357973433,243.76036049173325
3858,0.46392462679592128,0.46392462679592128,245.57901013279402
3859,0.45112233629742171,0.45112233629742171,239.92676907116265
3860,0.4646454216268639,0.4646454216268639,246.34032971994066
3861,0.45733707780026212,0.45733707780026212,243.75150280999614
3862,0.46934111264529788,0.46934111264529788,248.13532078382036
3863,0.46834532599289014,0.46834532599289014,245.82949042584383
3864,0.46888157259108032,0.46888157259108032,246.64106592809867
3865,0.48244539983098278,0.48244539983098278,248.66472275556293
3866,0.47669655628728458,0.47669655628728458,245.89910904865241
3867,0.47714229128867869,0.47714229128867869,248.00255526990591
3868,0.47081929031639919,0.47081929031639919,245.21127247449931
3869,0.46969448226100657,0.46969448226100657,249.62941586686088
3870,0.4747227739456446,0.4747227739456446,248.55683613163302
3871,0.47914222114948685,0.47914222114948685,252.96162130353287
3872,0.48234027934952178,0.48234027934952178,250.99875606227033
3873,0.47792565383854757,0.47792565383854757,245.88222948376838
3874,0.47108783575871083,0.47108783575871083,245.52821840848583
3875,0.47508821392062306,0.47508821392062306,248.62168360820388
3876,0.47013428299784216,0.47013428299784216,244.63496716293903
3877,0.47641544070131053,0.47641544070131053,247.99555982206397
3878,0.46959584091349316,0.46959584091349316,246.79075688600329
3879,0.46006083446102508,0.46006083446102508,240.76359769520786
3880,0.46475614544631422,0.46475614544631422,245.25295244128807
3881,0.46847259361912386,0.46847259361912386,244.82139805345955
3882,0.46972690423456215,0.46972690423456215,248.90643433902056
3883,0.46314511315699269,0.46314511315699269,246.15931484008243
3884,0.46276413989703669,0.46276413989703669,247.53159131206212
3885,0.45974482621949536,0.45974482621949536,244.48055285437505
3886,0.46378318968376142,0.46378318968376142,244.85167209428073
3887,0.46991722520823842,0.46991722520823842,247.22411659831278
3888,0.47184266326033342,0.47184266326033342,247.80816142834618
3889,0.45787768173399285,0.45787768173399285,240.42028797716699
3890,0.46903419223032572,0.46903419223032572,247.20340885411446
3891,0.47257895288251489,0.47257895288251489,249.10812087456094
3892,0.46288572142046808,0.46288572142046808,247.02739198268372
3893,0.45112456637627407,0.45112456637627407,240.22585058114191
3894,0.46637097327607735,0.46637097327607735,246.6271538255034
3895,0.46125591807424121,0.46125591807424121,241.63446447389509
3896,0.47200991201589027,0.47200991201589027,251.49033278851113
3897,0.46030392581102147,0.46030392581102147,244.23273106291649
3898,0.46188671879861953,0.46188671879861953,245.38671092700724
3899,0.44602663065301595,0.44602663065301595,240.41038283348917
3900,0.44988828869044256,0.44988828869044256,241.06286655619459
3901,0.46162897930912672,0.46162897930912672,244.08315504230032
3902,0.45773435773994497,0.45773435773994497,245.48306904997435
3903,0.46341530375056583,0.46341530375056583,243.78456262282424
3904,0.47295492576417136,0.47295492576417136,248.54214842050365
3905,0.46348394379233343,0.46348394379233343,245.45635062981614
3906,0.43352647488380791,0.43352647488380791,231.2345291161802
3907,0.45402173758850817,0.45402173758850817,240.71951952266781
3908,0.4500029594239553,0.4500029594239553,240.10489610619157
3909,0.45821565834754807,0.45821565834754807,245.70352644809472
3910,0.45455328892250629,0.45455328892250629,239.16062137572985
3911,0.46329256858838253,0.46329256858838253,246.15562258807668
3912,0.46559009266261686,0.46559009266261686,245.80147691818692
3913,0.47177561536048629,0.47177561536048629,246.86246029862588
3914,0.46104550529625887,0.46104550529625887,241.87152392412969
3915,0.4712826740545597,0.4712826740545597,247.29292344429328
3916,0.46895261079824735,0.46895261079824735,245.10210560057163
3917,0.47404182179461374,0.47404182179461374,248.37424818723315
3918,0.4633927806338452,0.4633927806338452,247.35961354356863
3919,0.46439961038085009,0.46439961038085009,242.87775313134048
3920,0.46102582510774842,0.46102582510774842,243.276105618283
3921,0.46536599913832266,0.46536599913832266,245.15800763500542
3922,0.46376831279611874,0.46376831279611874,242.86785653131665
3923,0.47312396317190392,0.47312396317190392,246.16410990537261
3924,0.46653828344550413,0.46653828344550413,244.67891263564783
3925,0.47315020723792556,0.47315020723792556,245.8625653810951
3926,0.47776076064587114,0.47776076064587114,249.09339697832857
3927,0.47481796782865826,0.47481796782865826,246.71979109056946
3928,0.47798199427118365,0.47798199427118365,245.67368096842466
3929,0.47988343336446959,0.47988343336446959,251.14444468969813
3930,0.48301344925505713,0.48301344925505713,249.77891116069878
3931,0.47352410916397619,0.47352410916397619,244.25871342658465
3932,0.4778287774028625,0.4778287774028625,248.94091731519467
3933,0.46577816446122389,0.46577816446122389,241.62366783602792
3934,0.47951695633034508,0.47951695633034508,249.49984724255268
3935,0.47222149368138966,0.47222149368138966,247.83469682073064
3936,0.47259606427314865,0.47259606427314865,249.48772029250958
3937,0.46987022369218201,0.46987022369218201,248.61377441635312
3938,0.46799055742787654,0.46799055742787654,248.16150279242092
3939,0.46659143463682567,0.46659143463682567,246.69845814328011
3940,0.47190311000347157,0.47190311000347157,248.81669359002308
3941,0.47819966405373854,0.47819966405373854,248.94786230857395
3942,0.47151212264498144,0.47151212264498144,245.47157038277132
3943,0.45936294321854876,0.45936294321854876,239.44989351984538
3944,0.47119652219546071,0.47119652219546071,248.6723061307608
3945,0.47078528129602848,0.47078528129602848,246.83245753156356
3946,0.47481503991476953,0.47481503991476953,249.77187551534331
3947,0.46549646627051927,0.46549646627051927,243.26556258438094
3948,0.46908157045027521,0.46908157045027521,246.53365685125817
3949,0.47331028668178748,0.47331028668178748,249.65063923470433
3950,0.47700903590340049,0.47700903590340049,250.14200553723799
3951,0.47274665214004336,0.47274665214004336,246.98947877523901
3952,0.48117788479381235,0.48117788479381235,249.53240665550919
3953,0.48501581601580074,0.48501581601580074,252.41234368148699
3954,0.4925276731910766,0.4925276731910766,252.38266979359605
3955,0.48968099978313157,0.48968099978313157,252.28542233976069
3956,0.47963096495730839,0.47963096495730839,245.61498513082583
3957,0.48859274313497797,0.48859274313497797,251.79012071804254
3958,0.47328885341061966,0.47328885341061966,242.93965692766727
3959,0.47604540653805677,0.47604540653805677,246.26879714944749
3960,0.48290914971706267,0.48290914971706267,248.96804918279176
3961,0.46654011301223275,0.46654011301223275,242.90872463873183
3962,0.47366556366459084,0.47366556366459084,247.35108326040827
3963,0.47268769127295152,0.47268769127295152,245.99756673141604
3964,0.48365179844376949,0.48365179844376949,250.36287339775589
3965,0.4822961892563235,0.4822961892563235,248.66509638855237
3966,0.4681586869773901,0.4681586869773901,246.84006942052133
3967,0.46642007546229547,0.46642007546229547,245.14079458271334
3968,0.46671005946528421,0.46671005946528421,246.88115303846871
3969,0.46420886539413242,0.46420886539413242,247.04542522445939
3970,0.46822469283795343,0.46822469283795343,247.05200392936368
3971,0.46752022867976206,0.46752022867976206,249.26984462987724
3972,0.45838475274289203,0.45838475274289203,243.27327361493366
3973,0.46563865099208446,0.46563865099208446,247.69136725780132
3974,0.4648566597176586,0.4648566597176586,247.47875072191846
3975,0.46070970814502443,0.46070970814502443,244.482597102619
3976,0.46075321208853143,0.46075321208853143,244.19340926499422
3977,0.47347494809378254,0.47347494809378254,250.27801761417464
3978,0.46806166808378036,0.46806166808378036,247.44444987626008
3979,0.47775523235155593,0.47775523235155593,251.7956889752073
3980,0.47045785844911459,0.47045785844911459,249.51105769576716
3981,0.44535935862453602,0.44535935862453602,238.63060939901538
3982,0.45840515475965538,0.45840515475965538,245.11794672037345
3983,0.46039883827320366,0.46039883827320366,246.80899409643749
3984,0.45063974794110007,0.45063974794110007,242.41779731772462
3985,0.46534398084987832,0.46534398084987832,247.77114327596843
3986,0.46503697146196493,0.46503697146196493,249.00314153371065
3987,0.46243016599607145,0.46243016599607145,244.63403311395581
3988,0.46934867583700496,0.46934867583700496,246.92078580384413
3989,0.46147055574016782,0.46147055574016782,244.99642199559017
3990,0.46459123995740492,0.46459123995740492,244.80006462656547
3991,0.47136214481936423,0.47136214481936423,248.82929657046316
3992,0.46498581278662998,0.46498581278662998,247.17182884441053
3993,0.46298770281227836,0.46298770281227836,244.04777878135445
3994,0.4643738733003665,0.4643738733003665,244.39048910357806
3995,0.46126356431835608,0.46126356431835608,242.67130044234358
3996,0.46832517472470608,0.46832517472470608,246.27839818637736
3997,0.48011558078943162,0.48011558078943162,250.79125818470811
3998,0.47072937665145975,0.47072937665145975,245.99993254044657
3999,0.46906555831993557,0.46906555831993557,248.42325696513817
4000,0.47294671747222783,0.47294671747222783,245.92867301365513
4001,0.46183835180733579,0.46183835180733579,247.42438263550511
4002,0.46146700115608141,0.46146700115608141,243.68764715138303
4003,0.46661899536841983,0.46661899536841983,246.89534676066404
4004,0.46525412652603704,0.46525412652603704,246.51793242265597
4005,0.46102716370735275,0.46102716370735275,244.58306376539389
4006,0.47882115872398645,0.47882115872398645,250.82109421822102
4007,0.4664657153434989,0.4664657153434989,243.80417115132741
4008,0.47026775268784393,0.47026775268784393,248.12890399081098
4009,0.46462420080839301,0.46462420080839301,245.53116947033487
4010,0.46266020053057755,0.46266020053057755,246.25428548989262
4011,0.46249312632295608,0.46249312632295608,245.92903287067224
4012,0.46407309989946555,0.46407309989946555,246.0761868059522
4013,0.46502122502399051,0.46502122502399051,245.78332970680208
4014,0.45592299890867383,0.45592299890867383,240.99959357901088
4015,0.46581551505476143,0.46581551505476143,245.9018930535984
4016,0.47270781160066244,0.47270781160066244,247.75230164227597
4017,0.47001851400122446,0.47001851400122446,245.87753192725648
4018,0.47138055203579565,0.47138055203579565,248.57923854673942
4019,0.47019865307127501,0.47019865307127501,249.59531071762689
4020,0.4677683646616394,0.4677683646616394,247.41734903317214
4021,0.46540714578121439,0.46540714578121439,245.98680394250573
4022,0.45384652844541956,0.45384652844541956,241.60547572509313
4023,0.46716147074579339,0.46716147074579339,246.63907329132439
4024,0.47252276622946648,0.47252276622946648,248.48915462565711
4025,0.46268176447945059,0.46268176447945059,245.08891229380342
4026,0.47018710024611676,0.47018710024611676,248.38061095702506
4027,0.46036040171694265,0.46036040171694265,244.86301750703402
4028,0.46526850614693727,0.46526850614693727,247.61413434013866
4029,0.46946163639470467,0.46946163639470467,248.43678857810028
4030,0.46545320091543563,0.46545320091543563,244.63045863297384
4031,0.47230725300195076,0.47230725300195076,250.20203090344839
4032,0.47202823669946775,0.47202823669946775,249.79788432739119
4033,0.46457403893498805,0.46457403893498805,247.41966820143574
4034,0.46025999483105701,0.46025999483105701,245.96044174294053
4035,0.46305953021962754,0.46305953021962754,244.49304067770998
4036,0.46397011085442197,0.46397011085442197,244.64029850625593
4037,0.46418589501131297,0.46418589501131297,246.57153260147544
4038,0.46634661103334629,0.46634661103334629,249.55855082425666
4039,0.46141793924079744,0.46141793924079744,246.1613547774985
4040,0.46600972533682139,0.46600972533682139,247.46037504757206
4041,0.46099118225829977,0.46099118225829977,245.47358754742905
4042,0.45458802309707858,0.45458802309707858,244.38046596086778
4043,0.46067809554287076,0.46067809554287076,247.000270265577
4044,0.45680801048703035,0.45680801048703035,243.1437354550701
4045,0.45795003230312198,0.45795003230312198,244.00936004465476
4046,0.45758355433182329,0.45758355433182329,245.0249623547931
4047,0.45528280809350707,0.45528280809350707,243.95862700603433
4048,0.45502983787257917,0.45502983787257917,243.69698780668824
4049,0.45575550398888842,0.45575550398888842,244.57145697500124
4050,0.45646342493823361,0.45646342493823361,244.02681005535464
4051,0.45119965914363702,0.45119965914363702,242.78833747254779
4052,0.46101228968980978,0.46101228968980978,246.2631215341311
4053,0.45484083568916062,0.45484083568916062,241.71333035842045
4054,0.4557344562537099,0.4557344562537099,242.87431806374698
4055,0.45876365477761399,0.45876365477761399,245.57281796559536
4056,0.45894118380105525,0.45894118380105525,244.72635937447768
4057,0.46168321349503083,0.46168321349503083,244.96669825457897
4058,0.46884089419545444,0.46884089419545444,249.9651475358433
4059,0.46382765727437675,0.46382765727437675,246.17888902743721
4060,0.44974232791284574,0.44974232791284574,239.77079591203596
4061,0.45359209094252784,0.45359209094252784,242.99552033799674
4062,0.4565881117003821,0.4565881117003821,245.22595208913191
4063,0.45601721783040877,0.45601721783040877,245.92079136529838
4064,0.45551826368803844,0.45551826368803844,243.66487080892776
4065,0.45943165556656951,0.45943165556656951,245.6739121670881
4066,0.46575021533844307,0.46575021533844307,246.08101045493839
4067,0.45521368469283069,0.45521368469283069,242.60024651458326
4068,0.46000328783629979,0.46000328783629979,245.16096374720374
4069,0.45081355462782691,0.45081355462782691,240.70738056498681
4070,0.45130256473552988,0.45130256473552988,241.76733263097441
4071,0.45000744902819684,0.45000744902819684,241.27910975314563
4072,0.45049206190490149,0.45049206190490149,239.92851421097839
4073,0.4630691303641214,0.4630691303641214,245.8076979716796
4074,0.45764978334941475,0.45764978334941475,245.00344454092459
4075,0.46168846481353559,0.46168846481353559,245.45633284989475
4076,0.45163307114694418,0.45163307114694418,240.51121318245927
4077,0.45661879789209225,0.45661879789209225,243.4452671914853
4078,0.45373272125120917,0.45373272125120917,242.43888468250293
4079,0.45292476746232352,0.45292476746232352,238.2298480905221
4080,0.45504366266158713,0.45504366266158713,241.63969562887246
4081,0.46892691045538487,0.46892691045538487,245.10368563852208
4082,0.45746064749442272,0.45746064749442272,243.41335317008424
4083,0.4687142580759005,0.4687142580759005,248.60059673449277
4084,0.468727633908948,0.468727633908948,249.36622400049282
4085,0.46509152617696314,0.46509152617696314,245.82490802640342
4086,0.459759726124081,0.459759726124081,244.53192105372108
4087,0.4695183011823662,0.4695183011823662,244.75701050552681
4088,0.47211767042381647,0.47211767042381647,243.59398322580401
4089,0.44684512202592863,0.44684512202592863,238.40476269745668
4090,0.46874082915677129,0.46874082915677129,246.98974329328922
4091,0.45817620737053211,0.45817620737053211,243.91040103527985
4092,0.46157366766902863,0.46157366766902863,244.74134375239018
4093,0.46402983140510745,0.46402983140510745,242.43664459674875
4094,0.46327593176741144,0.46327593176741144,243.0915585741167
4095,0.46993828110759467,0.46993828110759467,247.19471195247348
4096,0.46124859477290503,0.46124859477290503,245.07697978893339
4097,0.45215949512099396,0.45215949512099396,239.07598055399939
4098,0.45759436600988745,0.45759436600988745,245.6640157712302
4099,0.46297537796323651,0.46297537796323651,244.49857520672899
4100,0.45605060631330374,0.45605060631330374,242.75560705147888
4101,0.4593944509118823,0.4593944509118823,241.03359890727006
4102,0.46239206188058279,0.46239206188058279,246.82840154787772
4103,0.44883635611469153,0.44883635611469153,239.49604742589082
4104,0.46529185961892505,0.46529185961892505,248.98200084403351
4105,0.45696796815780544,0.45696796815780544,242.38048349104946
4106,0.46248428950053455,0.46248428950053455,247.53972912522158
4107,0.46075501617102049,0.46075501617102049,246.43349908297378
4108,0.45449070940272296,0.45449070940272296,242.98787149941867
4109,0.46561638421503415,0.46561638421503415,246.25146231082522
4110,0.45847849421113629,0.45847849421113629,242.75431495701505
4111,0.45970231948075757,0.45970231948075757,241.60805810741334
4112,0.46069924922842337,0.46069924922842337,245.05283448964011
4113,0.46160291381191804,0.46160291381191804,243.86850648767285
4114,0.46224853441340324,0.46224853441340324,246.6566765033709
4115,0.46069910108960255,0.46069910108960255,244.07332031978967
4116,0.46971960542699448,0.46971960542699448,245.46727839613558
4117,0.46663743120403389,0.46663743120403389,243.4725496813337
4118,0.46626520866122406,0.46626520866122406,245.67965724313012
4119,0.47019246874321807,0.47019246874321807,244.81777778427295
4120,0.47053687310991743,0.47053687310991743,246.78998978640774
4121,0.46747695165390857,0.46747695165390857,242.84059788575283
4122,0.46998323043009355,0.46998323043009355,245.34760628189579
4123,0.47317853342634636,0.47317853342634636,249.3349852403739
4124,0.457082802189687,0.457082802189687,240.38184355276698
4125,0.46587472914000722,0.46587472914000722,243.69493509819867
4126,0.47364518448570792,0.47364518448570792,246.48672497480757
4127,0.47242446422375367,0.47242446422375367,247.4049581921293
4128,0.46714099529947062,0.46714099529947062,244.94284488370835
4129,0.4574889287318703,0.4574889287318703,240.2595995565386
4130,0.46387758742968793,0.46387758742968793,243.43392251447386
4131,0.46308524857088618,0.46308524857088618,242.51624209195634
4132,0.46641947346349844,0.46641947346349844,245.29149513162861
4133,0.47331328026199931,0.47331328026199931,247.47056771797907
4134,0.47034388910381891,0.47034388910381891,245.43312045148065
4135,0.45936668422968746,0.45936668422968746,241.47711460760439
4136,0.46378004731211186,0.46378004731211186,245.83324577666417
4137,0.46418222438031814,0.46418222438031814,245.35046223334248
4138,0.46486738528368149,0.46486738528368149,245.81786560706934
4139,0.45445215067827699,0.45445215067827699,241.05985551409594
4140,0.45360417493544219,0.45360417493544219,240.78140078288567
4141,0.44825673793152837,0.44825673793152837,241.97702352316537
4142,0.44061029860103895,0.44061029860103895,238.63674935465104
4143,0.45529620392080783,0.45529620392080783,244.29683495090813
4144,0.45263665484457744,0.45263665484457744,242.8123794026491
4145,0.4480937250768674,0.4480937250768674,239.16024447641507
4146,0.45073473100712313,0.45073473100712313,242.08530467564597
4147,0.44545316611548846,0.44545316611548846,238.48952143177593
4148,0.44866983746132094,0.44866983746132094,239.79447421746272
4149,0.45094678927557708,0.45094678927557708,239.39202082982965
4150,0.447718499736387,0.447718499736387,239.41639870376588
4151,0.4520906738279587,0.4520906738279587,243.89087162245605
4152,0.43643593868916997,0.43643593868916997,235.1892425772416
4153,0.43474971796343775,0.43474971796343775,234.29953814417681
4154,0.4462354248473554,0.4462354248473554,240.70531372295869
4155,0.44005644276064937,0.44005644276064937,235.66537338045896
4156,0.45126975335613101,0.45126975335613101,238.93472185973513
4157,0.45459272490249492,0.45459272490249492,240.38544613766612
4158,0.44521385574742595,0.44521385574742595,235.23658312173521
4159,0.45828617351914519,0.45828617351914519,243.29854388935624
4160,0.45122913876687659,0.45122913876687659,239.43227179047472
4161,0.45969090616937214,0.45969090616937214,242.68626401137732
4162,0.46113802584443109,0.46113802584443109,240.93434756333727
4163,0.46993599265841957,0.46993599265841957,245.05258529235078
4164,0.46357710878468072,0.46357710878468072,244.18644800667667
4165,0.46299866034851683,0.46299866034851683,243.86070663377927
4166,0.46037690109373874,0.46037690109373874,241.89810799811386
4167,0.46524867872402592,0.46524867872402592,243.65879456215697
4168,0.45256175758801326,0.45256175758801326,241.87195785915054
4169,0.45200167547826287,0.45200167547826287,240.69213449758141
4170,0.4587621496857256,0.4587621496857256,243.82108032185678
4171,0.45595895628387667,0.45595895628387667,241.41939829563293
4172,0.45615913429679633,0.45615913429679633,241.14749387234014
4173,0.45273156960952682,0.45273156960952682,238.39665844779694
4174,0.4530380855826488,0.4530380855826488,240.6308633076921
4175,0.44763138657406537,0.44763138657406537,236.32801771150329
4176,0.44994942415983613,0.44994942415983613,238.00156277893871
4177,0.44160046410703419,0.44160046410703419,238.46982711326945
4178,0.43558008864885139,0.43558008864885139,233.20983369505112
4179,0.44813895890497751,0.44813895890497751,238.97970696190737
4180,0.44783375269028253,0.44783375269028253,238.18487327416307
4181,0.43394266337953685,0.43394266337953685,234.95170041029095
4182,0.44490853885797799,0.44490853885797799,238.03696958474524
4183,0.43276558351815025,0.43276558351815025,234.39814540409589
4184,0.43820808374961578,0.43820808374961578,235.56065641673385
4185,0.44517798251942786,0.44517798251942786,239.53915365472375
4186,0.44436447288200959,0.44436447288200959,236.34295646889041
4187,0.43871931673657166,0.43871931673657166,235.40626034439728
4188,0.43521756432389241,0.43521756432389241,235.53887059315267
4189,0.43484888379402564,0.43484888379402564,235.08350168867346
4190,0.44681140600160268,0.44681140600160268,238.95940205073475
4191,0.44240982857006345,0.44240982857006345,237.31911891187133
4192,0.44077341549976223,0.44077341549976223,239.4314321021622
4193,0.43053879675443385,0.43053879675443385,233.4345430958694
4194,0.44150468967706402,0.44150468967706402,238.82612790079693
4195,0.44425651088125695,0.44425651088125695,240.57175839969068
4196,0.44987564542405528,0.44987564542405528,242.40911665063805
4197,0.4448317221483582,0.4448317221483582,239.7584254765211
4198,0.44255198821461439,0.44255198821461439,237.14869415583044
4199,0.44432684442184878,0.44432684442184878,239.0321365448105
4200,0.44224218660472536,0.44224218660472536,237.83495260950363
4201,0.44226549925287884,0.44226549925287884,238.65513819186185
4202,0.43608491156397855,0.43608491156397855,236.53415620291298
4203,0.43621770403719057,0.43621770403719057,236.28585322338853
4204,0.44511966893923149,0.44511966893923149,238.40366511495631
4205,0.44360311468519065,0.44360311468519065,239.04019474115611
4206,0.43858326148239729,0.43858326148239729,235.76849825168225
4207,0.4492443881492959,0.4492443881492959,240.10953503767445
4208,0.45478218434295925,0.45478218434295925,242.94486790857945
4209,0.44601217574598911,0.44601217574598911,237.02427753791545
4210,0.45038262075853686,0.45038262075853686,238.51981656942536
4211,0.44932164123092588,0.44932164123092588,238.29724763324052
4212,0.45680945877751078,0.45680945877751078,243.67958494689373
4213,0.46207091433494246,0.46207091433494246,243.50625996640187
4214,0.45976564364942013,0.45976564364942013,244.55436386532557
4215,0.45700050783694135,0.45700050783694135,243.40151403393847
4216,0.44990016403744315,0.44990016403744315,239.80527027480602
4217,0.453465621842429,0.453465621842429,238.75071999985548
4218,0.4540888479440251,0.4540888479440251,240.62532871335512
4219,0.45194749469682327,0.45194749469682327,238.26193149697309
4220,0.45243425216480748,0.45243425216480748,237.51547610311596
4221,0.43190536431525317,0.43190536431525317,225.81428019835408
4222,0.45377954125921305,0.45377954125921305,241.40880555922112
4223,0.45304761576440911,0.45304761576440911,240.70468885244085
4224,0.45694295165069787,0.45694295165069787,240.65573711839451
4225,0.45543167300267556,0.45543167300267556,240.73144712508306
4226,0.45094392485456103,0.45094392485456103,237.71877164634765
4227,0.4477338087595652,0.4477338087595652,238.75843391951094
4228,0.45236135569389802,0.45236135569389802,238.61547033514734
4229,0.44067850956847743,0.44067850956847743,236.0208476037181
4230,0.44830111972492609,0.44830111972492609,238.70786455265497
4231,0.43006122167270633,0.43006122167270633,230.12566118265059
4232,0.442275739182595,0.442275739182595,237.53428529627072
4233,0.44067659683191085,0.44067659683191085,236.59735322549676
4234,0.45309548641511405,0.45309548641511405,241.46377776725211
4235,0.4448113743757271,0.4448113743757271,236.61178054428311
4236,0.44851863311612894,0.44851863311612894,238.30960698228449
4237,0.44516903178282929,0.44516903178282929,236.46904475067331
4238,0.43803243571927225,0.43803243571927225,233.85839180999383
4239,0.43210244084869043,0.43210244084869043,231.24699635450526
4240,0.43526001202297593,0.43526001202297593,233.05698890313948
4241,0.44504797958110631,0.44504797958110631,238.90190315786495
4242,0.42983525323051264,0.42983525323051264,233.89669944957467
4243,0.42810628704134784,0.42810628704134784,230.23556304191811
4244,0.42929890368025808,0.42929890368025808,229.91267424403912
4245,0.43233335950202373,0.43233335950202373,231.13177239519337
4246,0.43241084791282047,0.43241084791282047,230.47381997259831
4247,0.44052851869896248,0.44052851869896248,232.3133098423788
4248,0.44570804542737807,0.44570804542737807,237.70878665052814
4249,0.44030493673367233,0.44030493673367233,235.71988021894882
4250,0.43309490523823246,0.43309490523823246,231.67575124265585
4251,0.4386755557703319,0.4386755557703319,233.92826425061372
4252,0.44422873166041532,0.44422873166041532,237.10536048070759
4253,0.43852646632354447,0.43852646632354447,234.97446671370307
4254,0.43964731483320457,0.43964731483320457,235.01398870696897
4255,0.43837149808530407,0.43837149808530407,234.00142607995377
4256,0.4372687499450631,0.4372687499450631,235.22775136495588
4257,0.43531339085620618,0.43531339085620618,234.45158134326294
4258,0.43119192830452679,0.43119192830452679,231.68462504253799
4259,0.43289996196820696,0.43289996196820696,234.79789770043971
4260,0.44404674597805577,0.44404674597805577,237.93276965344521
4261,0.4436246861756013,0.4436246861756013,238.97257213430294
4262,0.44342791824215722,0.44342791824215722,234.63982554574096
4263,0.4461455791251524,0.4461455791251524,238.12027592198882
4264,0.44623958671030939,0.44623958671030939,235.98134688475102
4265,0.449699437261458,0.449699437261458,237.13550626634114
4266,0.4536869457962453,0.4536869457962453,241.00216331111915
4267,0.44254319410634785,0.44254319410634785,234.14084184486487
4268,0.44967101370930446,0.44967101370930446,238.01840455352288
4269,0.4437882312817803,0.4437882312817803,235.68306400521524
4270,0.44220907445655938,0.44220907445655938,234.45918537710651
4271,0.45444439789372648,0.45444439789372648,239.10096821682168
4272,0.45039451463594471,0.45039451463594471,236.45220280836912
4273,0.45080971847765311,0.45080971847765311,238.27640531842979
4274,0.45150321088195333,0.45150321088195333,237.27466098390951
4275,0.45411552333383287,0.45411552333383287,237.40709816368877
4276,0.45173025895123581,0.45173025895123581,238.6043361214854
4277,0.45068426457174848,0.45068426457174848,238.73906826551155
4278,0.44080592464028995,0.44080592464028995,234.86608774912733
4279,0.44154786694061832,0.44154786694061832,236.34755396619235
4280,0.44950160656616844,0.44950160656616844,240.73458298494694
4281,0.44854474061729244,0.44854474061729244,239.76741901501191
4282,0.4488806874930093,0.4488806874930093,237.31940557823668
4283,0.450025234955928,0.450025234955928,238.54138975949203
4284,0.4505532242355389,0.4505532242355389,239.44054094980029
4285,0.4365776885758702,0.4365776885758702,235.3292259380807
4286,0.43420425369433324,0.43420425369433324,232.75790656439091
4287,0.42937497206021141,0.42937497206021141,229.46518820510778
4288,0.44134819644653467,0.44134819644653467,236.21408728749893
4289,0.44577085326440358,0.44577085326440358,235.94662094737851
4290,0.4464623634176984,0.4464623634176984,236.8520657175533
4291,0.44633632785392063,0.44633632785392063,237.22944604644354
4292,0.44462887990651262,0.44462887990651262,236.89261090852969
4293,0.45960924768486661,0.45960924768486661,241.47408639980782
4294,0.45885798259888794,0.45885798259888794,241.0796631846637
4295,0.45876339061086424,0.45876339061086424,242.04953747934923
4296,0.4558761908677898,0.4558761908677898,239.81741214988469
4297,0.45056605232376301,0.45056605232376301,237.65679677619045
4298,0.45270619552447322,0.45270619552447322,240.12320000960167
4299,0.4416259847605371,0.4416259847605371,233.16425999041888
4300,0.45078660780743507,0.45078660780743507,237.93169195863993
4301,0.44411244649640241,0.44411244649640241,237.32957134575295
4302,0.44722920410787292,0.44722920410787292,237.24246261690004
4303,0.44952693325765597,0.44952693325765597,237.43408366501035
4304,0.45375726464135202,0.45375726464135202,241.95215775028123
4305,0.4601850991594536,0.4601850991594536,243.0933160736401
4306,0.46152532477283703,0.46152532477283703,243.41172705803592
4307,0.4543337949560261,0.4543337949560261,239.77829958615166
4308,0.4452442469599503,0.4452442469599503,238.48475158620948
4309,0.45017320990888388,0.45017320990888388,240.44492400394
4310,0.44565804712924828,0.44565804712924828,238.12076545717636
4311,0.43717253266922479,0.43717253266922479,234.6007847963553
4312,0.44586334478809403,0.44586334478809403,240.66215660694525
4313,0.44433048372545125,0.44433048372545125,237.23141330531311
4314,0.44586243120306629,0.44586243120306629,238.93175297968523
4315,0.44470444320469654,0.44470444320469654,235.91848366856976
4316,0.45373292817598843,0.45373292817598843,240.70060567245136
4317,0.44950534445349816,0.44950534445349816,240.12305258894943
4318,0.44923497611166052,0.44923497611166052,238.66798479468929
4319,0.45433861363404776,0.45433861363404776,239.73048818868853
4320,0.45160295602753903,0.45160295602753903,239.56091427036523
4321,0.45277409905810906,0.45277409905810906,240.00681373594244
4322,0.44927919464749805,0.44927919464749805,240.77893157165516
4323,0.43739679973791079,0.43739679973791079,233.42327791086785
4324,0.44862075812803148,0.44862075812803148,241.45602373770652
4325,0.44461000229283859,0.44461000229283859,238.19583822918486
4326,0.44162046633288626,0.44162046633288626,237.56733078746157
4327,0.44722809234543748,0.44722809234543748,240.44146055581837
4328,0.4296923846926396,0.4296923846926396,233.82184113478962
4329,0.43849122229789461,0.43849122229789461,237.7217230857519
4330,0.43757784417066264,0.43757784417066264,237.34166943634824
4331,0.43827528490468798,0.43827528490468798,237.73971919514651
4332,0.42160080267023214,0.42160080267023214,230.356801153714
4333,0.44295323554250282,0.44295323554250282,238.7666940814882
4334,0.43085358317059808,0.43085358317059808,233.07256131894079
4335,0.44823245322494687,0.44823245322494687,239.29651828905102
4336,0.45129625652384647,0.45129625652384647,243.08945518806595
4337,0.43916910842293994,0.43916910842293994,235.56390960241274
4338,0.43923096719783128,0.43923096719783128,236.36037572279906
4339,0.44609828328691348,0.44609828328691348,238.71378365646677
4340,0.45010885135335299,0.45010885135335299,240.5410979602444
4341,0.45048907886982947,0.45048907886982947,238.16169536956303
4342,0.4564552848377102,0.4564552848377102,242.40920576418529
4343,0.45153517872388776,0.45153517872388776,242.59644278947871
4344,0.44185552185683569,0.44185552185683569,235.66556486151171
4345,0.44128031153959907,0.44128031153959907,236.41906584139787
4346,0.4436577191323976,0.4436577191323976,240.77823957582791
4347,0.43375741716592014,0.43375741716592014,234.57683608500997
4348,0.44436288198448881,0.44436288198448881,239.20085282571117
4349,0.43964400708635309,0.43964400708635309,233.0568858808077
4350,0.43706424043202058,0.43706424043202058,233.96801482682923
4351,0.4445585935513422,0.4445585935513422,236.41381610301795
4352,0.44731399280682876,0.44731399280682876,238.43932266011944
4353,0.45325003433659539,0.45325003433659539,243.22202558071794
4354,0.44616106184799553,0.44616106184799553,237.64144879720985
4355,0.44418867685560653,0.44418867685560653,236.1398587421333
4356,0.43517387460304152,0.43517387460304152,235.94038684985509
4357,0.43158827267578115,0.43158827267578115,229.75200789913197
4358,0.43820816607034335,0.43820816607034335,234.56239120117979
4359,0.43364478346789087,0.43364478346789087,232.02456190907645
4360,0.43784701089892109,0.43784701089892109,235.77795212827067
4361,0.43736715971000334,0.43736715971000334,236.17586518945572
4362,0.43871746564094793,0.43871746564094793,235.75279367899392
4363,0.43602689402725964,0.43602689402725964,236.53347149824049
4364,0.44213588864398046,0.44213588864398046,235.85394479027065
4365,0.43876532013510444,0.43876532013510444,234.82306275934496
4366,0.44394401230428143,0.44394401230428143,238.54232665615328
4367,0.44137087889968701,0.44137087889968701,234.77064571025113
4368,0.43160337285544087,0.43160337285544087,230.73134343741012
4369,0.45086441760044249,0.45086441760044249,238.19278369690528
4370,0.44420711918710054,0.44420711918710054,238.10448429287644
4371,0.44608859531751904,0.44608859531751904,235.49081558223725
4372,0.44128043904381231,0.44128043904381231,233.68985685066482
4373,0.4457496274698533,0.4457496274698533,236.56743685470082
4374,0.44132736430682284,0.44132736430682284,231.41229988119093
4375,0.44434514281948384,0.44434514281948384,237.84515960272969
4376,0.45104058520510037,0.45104058520510037,238.16492613804357
4377,0.44508115118062291,0.44508115118062291,237.67665233137194
4378,0.44853999344318185,0.44853999344318185,235.70479725780015
4379,0.44920443905145346,0.44920443905145346,236.4502094799218
4380,0.45297176322775606,0.45297176322775606,239.33715907979496
4381,0.45660289124467573,0.45660289124467573,240.86956488176756
4382,0.46172693394916975,0.46172693394916975,242.37093572816494
4383,0.45015001903545554,0.45015001903545554,236.81193101126308
4384,0.45348339218929229,0.45348339218929229,238.45678628308661
4385,0.46170982014518397,0.46170982014518397,240.84536605131174
4386,0.45920081853817696,0.45920081853817696,239.52215803122681
4387,0.45872936032990569,0.45872936032990569,240.8368038444531
4388,0.45758561849561658,0.45758561849561658,240.8736704085255
4389,0.44708919397670294,0.44708919397670294,234.8843168574364
4390,0.44426936996507005,0.44426936996507005,236.1067724608713
4391,0.45056620326876573,0.45056620326876573,238.09599996664133
4392,0.44356421173689647,0.44356421173689647,238.6395348000288
4393,0.4487721909611716,0.4487721909611716,237.62069002226585
4394,0.44629827732695981,0.44629827732695981,238.56881027727451
4395,0.44237602418711475,0.44237602418711475,235.44499269120161
4396,0.43645477943409877,0.43645477943409877,231.68742779701469
4397,0.44436228806746864,0.44436228806746864,236.85339913789238
4398,0.43948402166810518,0.43948402166810518,236.19213565674067
4399,0.44249313760727621,0.44249313760727621,235.61063470137651
4400,0.43902328938113361,0.43902328938113361,232.65555078846691
4401,0.43454609256894694,0.43454609256894694,233.08077922247793
4402,0.42514524546093913,0.42514524546093913,225.2718106721496
4403,0.42515089027395947,0.42515089027395947,226.71354011913255
4404,0.43235462160689392,0.43235462160689392,230.01917042531582
4405,0.43583557902953807,0.43583557902953807,234.27869754843499
4406,0.44327671106096578,0.44327671106096578,237.67804106190115
4407,0.43916634911330721,0.43916634911330721,234.27069241077015
4408,0.4336296599492247,0.4336296599492247,229.66239092561227
4409,0.44479748259494539,0.44479748259494539,235.44622844025503
4410,0.44400102061567515,0.44400102061567515,233.53275413366572
4411,0.4390920270176234,0.4390920270176234,233.04818625966428
4412,0.43892757222200363,0.43892757222200363,233.85134382650139
4413,0.45098165840474458,0.45098165840474458,236.95418572728477
4414,0.44615012040782281,0.44615012040782281,236.82027825021297
4415,0.44370200146170635,0.44370200146170635,234.37660715523535
4416,0.44737634200313225,0.44737634200313225,237.37972437906222
4417,0.43460054247375046,0.43460054247375046,230.3838243727736
4418,0.44150249077033032,0.44150249077033032,236.10680943563253
4419,0.44159504522998594,0.44159504522998594,234.44826842431812
4420,0.43449296825406991,0.43449296825406991,231.69495346557386
4421,0.43429978019709203,0.43429978019709203,232.02548698363972
4422,0.43658725613724964,0.43658725613724964,232.77111350961158
4423,0.43193814144041481,0.43193814144041481,233.71906217962729
4424,0.42608586328844644,0.42608586328844644,230.86530240057573
4425,0.42917500750769993,0.42917500750769993,233.89665891968011
4426,0.44101432733844259,0.44101432733844259,236.6837339464997
4427,0.43815102457178118,0.43815102457178118,233.50801232660038
4428,0.44090678938197936,0.44090678938197936,235.81742831168987
4429,0.44171111945275021,0.44171111945275021,234.02347217134962
4430,0.4389100009559958,0.4389100009559958,235.89403064620484
4431,0.43434126662099171,0.43434126662099171,232.49842190087801
4432,0.43727367967930536,0.43727367967930536,234.18377886683089
4433,0.43239810977722037,0.43239810977722037,231.23473997709161
4434,0.44040447969683666,0.44040447969683666,233.1954790519228
4435,0.44439471589699198,0.44439471589699198,236.23560679939405
4436,0.43983828641154021,0.43983828641154021,233.38923123478671
4437,0.43917378002766688,0.43917378002766688,234.36237792131129
4438,0.43399533828447473,0.43399533828447473,234.36693713019068
4439,0.43156713718142276,0.43156713718142276,233.55917685833015
4440,0.43421802261555476,0.43421802261555476,235.52725575995669
4441,0.42808739234081489,0.42808739234081489,230.91324307385725
4442,0.43113569617517306,0.43113569617517306,234.3952744981529
4443,0.43507923333823084,0.43507923333823084,234.23687041851525
4444,0.42815206128263023,0.42815206128263023,231.56536299085195
4445,0.42988460489049823,0.42988460489049823,230.89631080404669
4446,0.43325466699606829,0.43325466699606829,228.78121833836016
4447,0.43042512706007646,0.43042512706007646,231.9012028892837
4448,0.4374290631497143,0.4374290631497143,235.81924444835781
4449,0.42841940321657229,0.42841940321657229,231.54497481837583
4450,0.43580496656272694,0.43580496656272694,235.23222339743887
4451,0.43124906426270748,0.43124906426270748,231.30827061601039
4452,0.43941077120550842,0.43941077120550842,236.47040549707631
4453,0.43801507303439607,0.43801507303439607,234.39079493723881
4454,0.44155046647085339,0.44155046647085339,235.81566358563859
4455,0.43892335889002182,0.43892335889002182,236.8123667341369
4456,0.42842954983619574,0.42842954983619574,230.05885032894497
4457,0.43367555519864814,0.43367555519864814,232.57892131534322
4458,0.43750299182654223,0.43750299182654223,234.58764135207403
4459,0.43824208810680271,0.43824208810680271,234.25334753877593
4460,0.44339540420614759,0.44339540420614759,236.0392500185466
4461,0.43418516316652811,0.43418516316652811,230.44335885259383
4462,0.44766876724955146,0.44766876724955146,237.84881836902733
4463,0.43965016256672662,0.43965016256672662,232.13972688822554
4464,0.43035524006083598,0.43035524006083598,228.29409548796457
4465,0.43443996961964915,0.43443996961964915,228.71033261543735
4466,0.44553018572645353,0.44553018572645353,235.5025327874082
4467,0.43599656569917522,0.43599656569917522,229.79920634200045
4468,0.43623198119804429,0.43623198119804429,231.62648110933077
4469,0.43786473593477798,0.43786473593477798,234.51201166359743
4470,0.4327006772571636,0.4327006772571636,231.50145336802944
4471,0.42931651623824169,0.42931651623824169,233.02777917581381
4472,0.43439244657000425,0.43439244657000425,232.34956726052786
4473,0.43386022611170416,0.43386022611170416,230.61919088263167
4474,0.43733758093878727,0.43733758093878727,232.86853303845751
4475,0.44286542322266148,0.44286542322266148,234.77685598717116
4476,0.44550649224546213,0.44550649224546213,234.80283163655349
4477,0.43970524530121147,0.43970524530121147,231.87939812128485
4478,0.43828450415998044,0.43828450415998044,231.59251494213959
4479,0.43060735778382747,0.43060735778382747,228.06886731894897
4480,0.44295373404513255,0.44295373404513255,234.47970596271171
4481,0.43826986674048368,0.43826986674048368,231.83036944974987
4482,0.4406036811771491,0.4406036811771491,232.84417562233847
4483,0.43542312160972035,0.43542312160972035,229.72786553628697
4484,0.44010898892546207,0.44010898892546207,229.95307959299817
4485,0.4358406325795996,0.4358406325795996,230.22052386595519
4486,0.44191215908469206,0.44191215908469206,229.76767106020469
4487,0.4418002442736414,0.4418002442736414,230.92384914479118
4488,0.43720385823283631,0.43720385823283631,229.52246408866955
4489,0.44484279664771043,0.44484279664771043,233.67251448252668
4490,0.43666242588953497,0.43666242588953497,229.29971967739371
4491,0.43736817107840054,0.43736817107840054,230.96983249469045
4492,0.43081589156839833,0.43081589156839833,226.20618753486855
4493,0.43887528128351228,0.43887528128351228,233.39186257157607
4494,0.43394211890789575,0.43394211890789575,231.47416785316008
4495,0.42660417278884255,0.42660417278884255,225.78344950960923
4496,0.43367268875350645,0.43367268875350645,231.15772023263548
4497,0.4422501684214753,0.4422501684214753,232.18466876349189
4498,0.44335054726502837,0.44335054726502837,232.06509941031391
4499,0.43753048048937221,0.43753048048937221,229.15724130909877
4500,0.44055808211751935,0.44055808211751935,231.26463894109844
4501,0.43814780903678419,0.43814780903678419,234.12249946353921
4502,0.43656707550572882,0.43656707550572882,230.34880235868337
4503,0.43102948580692846,0.43102948580692846,230.03626043137638
4504,0.44220413581954299,0.44220413581954299,233.81848829052228
4505,0.43528972982217073,0.43528972982217073,231.47669126223678
4506,0.43622609266930096,0.43622609266930096,232.2184893053323
4507,0.43320726625468753,0.43320726625468753,230.82414632289897
4508,0.44314393410851077,0.44314393410851077,235.79508977996153
4509,0.44075495099516226,0.44075495099516226,232.97205297300212
4510,0.43994482700013415,0.43994482700013415,231.0032512959408
4511,0.441739083479532,0.441739083479532,234.4982037676958
4512,0.43766560051952813,0.43766560051952813,231.75999856062737
4513,0.44514460370635672,0.44514460370635672,235.5947961068527
4514,0.42828744512999856,0.42828744512999856,227.51678768140641
4515,0.43868956807981252,0.43868956807981252,231.45425624800609
4516,0.45375745936348011,0.45375745936348011,239.27952476720307
4517,0.44019680829922442,0.44019680829922442,232.47519132067069
4518,0.44066639683012776,0.44066639683012776,232.09232721989974
4519,0.4462145187205141,0.4462145187205141,234.82169549688842
4520,0.44853914100732384,0.44853914100732384,234.43577227575528
4521,0.44497454956507559,0.44497454956507559,234.48988078133166
4522,0.44497474295676415,0.44497474295676415,233.68437641217966
4523,0.4275072119692549,0.4275072119692549,223.75142288270845
4524,0.44315498898541411,0.44315498898541411,232.78431160140099
4525,0.44486513911262665,0.44486513911262665,232.50283334044056
4526,0.45390652534196302,0.45390652534196302,235.00904819957614
4527,0.44584820836428352,0.44584820836428352,233.2324644349861
4528,0.45013329322465001,0.45013329322465001,232.63565255080297
4529,0.43956850026745115,0.43956850026745115,229.30072665704134
4530,0.45087827832100436,0.45087827832100436,233.77523814397645
4531,0.4423338974574208,0.4423338974574208,231.55058806944925
4532,0.45315755149383125,0.45315755149383125,237.68281135297212
4533,0.44862100199422122,0.44862100199422122,233.61613269007177
4534,0.44948101194293183,0.44948101194293183,232.38865305526883
4535,0.4469057221360706,0.4469057221360706,232.49160902078529
4536,0.45055856778377235,0.45055856778377235,235.6572429957393
4537,0.44630940869618041,0.44630940869618041,232.73799399865911
4538,0.45155086032544806,0.45155086032544806,234.94184553343325
4539,0.44609131652757039,0.44609131652757039,233.87422904448869
4540,0.45411350341809431,0.45411350341809431,235.98998192904097
4541,0.44905854202337092,0.44905854202337092,234.44958107244511
4542,0.44359002848501294,0.44359002848501294,229.44967044221852
4543,0.45447228057581512,0.45447228057581512,236.88699444451626
4544,0.45646668228655313,0.45646668228655313,235.8673051062969
4545,0.45218033291654541,0.45218033291654541,234.12757442629049
4546,0.44552392481812547,0.44552392481812547,232.15304398986828
4547,0.44875038779855014,0.44875038779855014,235.05833901016734
4548,0.43803631504450663,0.43803631504450663,231.50040337054574
4549,0.42758973861216354,0.42758973861216354,225.55961488047774
4550,0.43234721342761001,0.43234721342761001,229.10582618595558
4551,0.43458599290380995,0.43458599290380995,228.68198247663153
4552,0.44751675437074534,0.44751675437074534,233.73168899808857
4553,0.44714902185850558,0.44714902185850558,233.37210465840963
4554,0.4377616419378767,0.4377616419378767,229.80233234169663
4555,0.44009807170927601,0.44009807170927601,232.25672058423916
4556,0.43701998175324019,0.43701998175324019,229.60054706518167
4557,0.4374320334689677,0.4374320334689677,229.80598407601164
4558,0.42979643637109116,0.42979643637109116,227.64059174721092
4559,0.4311594780085195,0.4311594780085195,230.14092793651071
4560,0.44791015265324041,0.44791015265324041,234.98000381440951
4561,0.43832900832815558,0.43832900832815558,230.38688351315008
4562,0.44749481161440469,0.44749481161440469,234.00487910874364
4563,0.4425030939779539,0.4425030939779539,231.76764053737958
4564,0.44557507449555767,0.44557507449555767,232.05179461856795
4565,0.44201012211993274,0.44201012211993274,231.16169882496911
4566,0.44593799189438554,0.44593799189438554,233.51475225690336
4567,0.4408150305624125,0.4408150305624125,230.09827066709849
4568,0.44092899481318903,0.44092899481318903,228.86304883093788
4569,0.45541319850982476,0.45541319850982476,234.277372763339
4570,0.44374767504191448,0.44374767504191448,231.04709120724596
4571,0.4457098047998958,0.4457098047998958,231.87567582903162
4572,0.43689245223371759,0.43689245223371759,227.62006767404711
4573,0.45279134078594402,0.45279134078594402,235.77129817746041
4574,0.44310558908259035,0.44310558908259035,231.30286125846078
4575,0.43501644187172073,0.43501644187172073,229.72359044284795
4576,0.43121556156748458,0.43121556156748458,226.06422144191387
4577,0.42852816733383714,0.42852816733383714,227.6777941348426
4578,0.44171202907018614,0.44171202907018614,232.80269818362072
4579,0.43546473726145668,0.43546473726145668,230.87288458076796
4580,0.4393480778501645,0.4393480778501645,230.72414265049983
4581,0.43768637966865426,0.43768637966865426,232.95283996789627
4582,0.44236554683522922,0.44236554683522922,234.14678157107875
4583,0.44007606949126082,0.44007606949126082,231.96294695360763
4584,0.44408926102317781,0.44408926102317781,233.57060488084258
4585,0.42155276209533515,0.42155276209533515,224.89599937820421
4586,0.43205089577318406,0.43205089577318406,229.00001589049597
4587,0.44390231862998952,0.44390231862998952,233.21905891447122
4588,0.43902799882839683,0.43902799882839683,231.53591479326184
4589,0.44175671764136826,0.44175671764136826,230.78546790129349
4590,0.44271518856339503,0.44271518856339503,233.34897484325364
4591,0.44523460787073593,0.44523460787073593,235.07007689817857
4592,0.44616557942621327,0.44616557942621327,231.15982225744401
4593,0.44571602253069853,0.44571602253069853,233.61932219017672
4594,0.44851644343564817,0.44851644343564817,232.84420798634989
4595,0.45017175214397093,0.45017175214397093,233.88539209863666
4596,0.43817032873601053,0.43817032873601053,227.16767270033279
4597,0.44444906670852385,0.44444906670852385,232.59870253816402
4598,0.45179461068518112,0.45179461068518112,236.23665578319438
4599,0.44763463865111169,0.44763463865111169,232.91211570536976
4600,0.4459511940364389,0.4459511940364389,234.82213211526482
4601,0.44806385179446478,0.44806385179446478,234.4981785163825
4602,0.45775712778865552,0.45775712778865552,236.7705711472907
4603,0.46259521286843708,0.46259521286843708,236.80188152970067
4604,0.45488925905712535,0.45488925905712535,232.31245097057871
4605,0.46383156372317591,0.46383156372317591,237.99574727249825
4606,0.46420366134521351,0.46420366134521351,239.01064523134241
4607,0.45457194203231238,0.45457194203231238,235.5908431940714
4608,0.44608612604440845,0.44608612604440845,231.90972243632569
4609,0.44992781451944885,0.44992781451944885,233.41108225945604
4610,0.45258685481981048,0.45258685481981048,233.50179057059773
4611,0.46339458636411013,0.46339458636411013,236.51911042405737
4612,0.45455739791135052,0.45455739791135052,235.96922093011864
4613,0.45810382076253653,0.45810382076253653,236.13480412450411
4614,0.46016540187268157,0.46016540187268157,236.0006192016377
4615,0.45147571899334571,0.45147571899334571,234.44098411487107
4616,0.45706945398004528,0.45706945398004528,235.78791894236778
4617,0.45825857327953079,0.45825857327953079,235.38076428202984
4618,0.45943982836655878,0.45943982836655878,238.32201216221506
4619,0.444534344651143,0.444534344651143,231.2194719275125
4620,0.44871022059172372,0.44871022059172372,234.28961526620714
4621,0.44764064792662206,0.44764064792662206,234.16990276050814
4622,0.44830685095089579,0.44830685095089579,234.91510375746105
4623,0.45031312014224589,0.45031312014224589,234.80210509409389
4624,0.44128066298438745,0.44128066298438745,232.50265017644651
4625,0.43309297957736509,0.43309297957736509,228.16227545106898
4626,0.44143800591994459,0.44143800591994459,231.06393827277324
4627,0.43656641913852923,0.43656641913852923,228.31275205014413
4628,0.44987216044498701,0.44987216044498701,234.11323765095466
4629,0.44776944833753679,0.44776944833753679,232.19930018615725
4630,0.4465516850938368,0.4465516850938368,230.91571835369641
4631,0.45265699343923371,0.45265699343923371,234.5856610442429
4632,0.44817615449130199,0.44817615449130199,232.55244579587188
4633,0.4494360641555275,0.4494360641555275,233.33294704004865
4634,0.45469310804115776,0.45469310804115776,235.70572162644461
4635,0.44601621766455712,0.44601621766455712,231.78024155187464
4636,0.44333727755287933,0.44333727755287933,231.32673651454894
4637,0.45123768063304748,0.45123768063304748,235.10714099910692
4638,0.44536084606854087,0.44536084606854087,229.68138744538223
4639,0.43509326005511861,0.43509326005511861,227.06977956728269
4640,0.44321244817259142,0.44321244817259142,233.32837378642756
4641,0.4554486915967268,0.4554486915967268,237.98604450569368
4642,0.44601362189177196,0.44601362189177196,233.0458655824936
4643,0.44408869030846843,0.44408869030846843,232.38580932122932
4644,0.44664597074679707,0.44664597074679707,234.952783774712
4645,0.44617032976861859,0.44617032976861859,232.48669117758976
4646,0.44125015217985208,0.44125015217985208,228.33870948019489
4647,0.44098406652243538,0.44098406652243538,229.70772193608414
4648,0.43268555142846965,0.43268555142846965,226.99597761175582
4649,0.44182888933561226,0.44182888933561226,230.37337575524498
4650,0.43689850843051892,0.43689850843051892,229.48957548172575
4651,0.44031092517604542,0.44031092517604542,231.73515807118793
4652,0.44165287451367041,0.44165287451367041,231.6361290543754
4653,0.43674830609826143,0.43674830609826143,229.68171366666274
4654,0.44011963252531539,0.44011963252531539,229.21450464069648
4655,0.4493770724142353,0.4493770724142353,234.07441333442642
4656,0.45397057987716644,0.45397057987716644,237.50654580211153
4657,0.44986442800167492,0.44986442800167492,234.1140028671586
4658,0.44454275599808674,0.44454275599808674,230.57428550044057
4659,0.4548951315073172,0.4548951315073172,232.88340669576891
4660,0.4497113459236024,0.4497113459236024,232.93217255588615
4661,0.44930152809356744,0.44930152809356744,232.98999511096022
4662,0.44717676978563292,0.44717676978563292,230.94837345102366
4663,0.44074889322326111,0.44074889322326111,226.76024955920784
4664,0.44919815041206601,0.44919815041206601,231.84217559158589
4665,0.45096577117975212,0.45096577117975212,230.34343891051935
4666,0.44922354795849839,0.44922354795849839,232.30291670283046
4667,0.44869357740266008,0.44869357740266008,233.30275510929877
4668,0.45160755215691556,0.45160755215691556,233.26022295210609
4669,0.4494976432492635,0.4494976432492635,233.4240441214626
4670,0.45014233342651205,0.45014233342651205,233.48643983937922
4671,0.4492359029265226,0.4492359029265226,232.17782062708881
4672,0.45377492000974673,0.45377492000974673,233.19509323791323
4673,0.46217053172737749,0.46217053172737749,237.80725719358853
4674,0.45086882556027436,0.45086882556027436,234.75302963195381
4675,0.458168599894893,0.458168599894893,234.54910758491437
4676,0.45236950747875487,0.45236950747875487,234.73977766870576
4677,0.45557546170959207,0.45557546170959207,237.0405298325289
4678,0.44325826665210871,0.44325826665210871,231.81710138525892
4679,0.44581736293905916,0.44581736293905916,231.87700304060672
4680,0.46146892035170178,0.46146892035170178,238.11148878235571
4681,0.45619966216263519,0.45619966216263519,235.57928042201488
4682,0.45917792072596864,0.45917792072596864,237.42788507329487
4683,0.45038412452187943,0.45038412452187943,233.90637476981266
4684,0.44408973806660323,0.44408973806660323,230.52090308408506
4685,0.43505536900037367,0.43505536900037367,229.17659498108333
4686,0.43795210822281189,0.43795210822281189,230.37852059968313
4687,0.45025649151375441,0.45025649151375441,233.57153974697604
4688,0.4534037913942669,0.4534037913942669,237.92937021610823
4689,0.45458824467057868,0.45458824467057868,237.59478474192892
4690,0.44188891184362883,0.44188891184362883,231.56561680550035
4691,0.45024707315917922,0.45024707315917922,236.10483621081244
4692,0.45339203204885753,0.45339203204885753,234.93431250382164
4693,0.45251353360293417,0.45251353360293417,234.78630535611077
4694,0.45702916969990942,0.45702916969990942,237.63994272091409
4695,0.43905094609638917,0.43905094609638917,226.64810029392387
4696,0.4512168283970871,0.4512168283970871,234.34088243761175
4697,0.44948401139238847,0.44948401139238847,234.45785773474137
4698,0.45622893498702649,0.45622893498702649,236.77290339835025
4699,0.4561435577936922,0.4561435577936922,238.58401827087056
4700,0.44701600317743467,0.44701600317743467,232.61392331056481
4701,0.44821241991070943,0.44821241991070943,235.34649458432563
4702,0.44211918871160966,0.44211918871160966,232.15050711634922
4703,0.45167637368201075,0.45167637368201075,237.01446981110513
4704,0.44731050577626147,0.44731050577626147,232.95234404346257
4705,0.46010029141789149,0.46010029141789149,238.35508930216423
4706,0.45859323994325074,0.45859323994325074,238.67911617990117
4707,0.46410684458778678,0.46410684458778678,241.57755557305495
4708,0.44982495230577069,0.44982495230577069,236.63885271550134
4709,0.45052255703509525,0.45052255703509525,235.43115560213747
4710,0.46002805954422488,0.46002805954422488,237.09790788637216
4711,0.45425048827265868,0.45425048827265868,238.24281646478261
4712,0.46372875191036184,0.46372875191036184,240.72285926384137
4713,0.46940158352844757,0.46940158352844757,242.69421497139416
4714,0.46490256677210173,0.46490256677210173,238.235137266512
4715,0.4666822172317534,0.4666822172317534,241.89004047954373
4716,0.46503272997740819,0.46503272997740819,240.04017595118458
4717,0.46086945717206057,0.46086945717206057,238.69747095246922
4718,0.46327080753488376,0.46327080753488376,239.27888464979463
4719,0.45467690205719896,0.45467690205719896,238.12879528612066
4720,0.45222756187423141,0.45222756187423141,236.58264402466267
4721,0.45401869056214678,0.45401869056214678,239.09011500801481
4722,0.45938185034228385,0.45938185034228385,240.74672526953631
4723,0.46197741958698185,0.46197741958698185,241.51107316146971
4724,0.46194778776906231,0.46194778776906231,241.84485400522385
4725,0.45926221025578406,0.45926221025578406,236.41945434351342
4726,0.45392988662581446,0.45392988662581446,237.06792951481287
4727,0.44927841840543598,0.44927841840543598,234.08670294537819
4728,0.45957415361966952,0.45957415361966952,240.9563411326375
4729,0.45844638686272587,0.45844638686272587,237.80084333986019
4730,0.46393890954507278,0.46393890954507278,241.902836474043
4731,0.45387137616014445,0.45387137616014445,235.01029960088778
4732,0.46305407053650738,0.46305407053650738,241.52690570359246
4733,0.46405925474384285,0.46405925474384285,239.59110019435488
4734,0.46814473549614455,0.46814473549614455,240.59257979104123
4735,0.46155679475926592,0.46155679475926592,235.86371701103627
4736,0.46275470312310174,0.46275470312310174,237.053158899039
4737,0.45884915187947495,0.45884915187947495,234.18695372455127
4738,0.46962928530827774,0.46962928530827774,239.41767510513495
4739,0.46035383015916392,0.46035383015916392,237.16844667351916
4740,0.46163214247885442,0.46163214247885442,239.35508000580217
4741,0.45522190400696594,0.45522190400696594,235.99618369411732
4742,0.45866756194862113,0.45866756194862113,234.3208266827302
4743,0.46025276156576361,0.46025276156576361,238.39086683333753
4744,0.46521413887297952,0.46521413887297952,241.26129779629233
4745,0.45814970153148804,0.45814970153148804,238.32640786005322
4746,0.46275994714461122,0.46275994714461122,241.14147536963191
4747,0.45600302819307936,0.45600302819307936,236.36283045560398
4748,0.45327981304026244,0.45327981304026244,237.07448489514954
4749,0.44786691976961679,0.44786691976961679,234.38082783959558
4750,0.45921473970137977,0.45921473970137977,241.06847110510475
4751,0.45313416107937809,0.45313416107937809,236.03705434478064
4752,0.44735405928320038,0.44735405928320038,235.37368156349129
4753,0.46364700220802968,0.46364700220802968,240.64363340939857
4754,0.45990677525102336,0.45990677525102336,237.92964886898267
4755,0.45917870946508649,0.45917870946508649,239.73451675166456
4756,0.45778265418984204,0.45778265418984204,240.86386690293199
4757,0.46387038877977005,0.46387038877977005,241.62033631842354
4758,0.46695431640053037,0.46695431640053037,241.18167460144065
4759,0.46862081910712561,0.46862081910712561,242.26821720778509
4760,0.46560626220047874,0.46560626220047874,240.65379702944475
4761,0.47176039309160861,0.47176039309160861,244.32301807676021
4762,0.46637663840961335,0.46637663840961335,242.22222883071987
4763,0.46287293576732169,0.46287293576732169,239.64927295064567
4764,0.46302366942671486,0.46302366942671486,239.06557141519482
4765,0.47319930572853142,0.47319930572853142,245.93134690507139
4766,0.46109678873700188,0.46109678873700188,238.62363025795852
4767,0.47159291201357856,0.47159291201357856,242.88242027558618
4768,0.47032570380766492,0.47032570380766492,244.05667032673173
4769,0.46691832625442364,0.46691832625442364,242.37473985240803
4770,0.46959591324875094,0.46959591324875094,240.03646278884995
4771,0.47966848048566424,0.47966848048566424,247.63998654249167
4772,0.47457839925052669,0.47457839925052669,242.97711239024247
4773,0.46979751029632411,0.46979751029632411,243.44633501074404
4774,0.46609489425550998,0.46609489425550998,242.27581871883586
4775,0.46295640850506892,0.46295640850506892,240.07797424847686
4776,0.46963188683204249,0.46963188683204249,244.19651873646163
4777,0.47266160162943971,0.47266160162943971,246.24004894836511
4778,0.46380261351311336,0.46380261351311336,243.57913961253649
4779,0.45798546532158452,0.45798546532158452,237.71087095322119
4780,0.47097723195942065,0.47097723195942065,243.40329257305433
4781,0.46645837840440618,0.46645837840440618,239.82883944796231
4782,0.46446580058466108,0.46446580058466108,239.61695084707853
4783,0.46571354617735522,0.46571354617735522,238.38054852158984
4784,0.45576401436350328,0.45576401436350328,236.5820233949749
4785,0.45844662209309323,0.45844662209309323,238.89027131051154
4786,0.46679705699524759,0.46679705699524759,242.59453717437199
4787,0.45818964701772097,0.45818964701772097,238.63378282836499
4788,0.47173445434905714,0.47173445434905714,245.36089917471637
4789,0.46476369762014702,0.46476369762014702,242.24564320960138
4790,0.47022250036027896,0.47022250036027896,243.38887791451543
4791,0.47129362102474132,0.47129362102474132,243.72129816299557
4792,0.45960157828113479,0.45960157828113479,239.80919119616357
4793,0.46380785333506075,0.46380785333506075,239.46638320801225
4794,0.47903809024347216,0.47903809024347216,246.31726763822047
4795,0.47025153601271724,0.47025153601271724,241.72576110338059
4796,0.47450092062670129,0.47450092062670129,243.08641266019669
4797,0.46498455549766077,0.46498455549766077,240.53753700546841
4798,0.46178397273872684,0.46178397273872684,240.76461730763882
4799,0.46018747207626864,0.46018747207626864,242.52054726611021
4800,0.45232799406503854,0.45232799406503854,237.36451032473707
4801,0.45562821086958705,0.45562821086958705,239.35906865034639
4802,0.45719677046433366,0.45719677046433366,239.68623129183834
4803,0.45685498680175352,0.45685498680175352,238.74547000745937
4804,0.45223970754081932,0.45223970754081932,238.31842756933716
4805,0.45808817923269496,0.45808817923269496,240.43806583430282
4806,0.4549794068020736,0.4549794068020736,238.72463172083349
4807,0.45451857743249907,0.45451857743249907,237.49322650648213
4808,0.45028941519458154,0.45028941519458154,234.26911578572134
4809,0.4535656932103545,0.4535656932103545,237.4327091898565
4810,0.45835374281908886,0.45835374281908886,239.82415656414545
4811,0.4613600150518134,0.4613600150518134,240.90239244351142
4812,0.45758600930153054,0.45758600930153054,241.09789774053797
4813,0.46298219662727041,0.46298219662727041,240.78978780477169
4814,0.46503733931177277,0.46503733931177277,241.41486728115501
4815,0.46772891830756869,0.46772891830756869,244.17674186646136
4816,0.46874004447524903,0.46874004447524903,244.33107889922866
4817,0.4619176550928506,0.4619176550928506,242.32108935019883
4818,0.45679570776281053,0.45679570776281053,239.12739714001381
4819,0.45638644604646472,0.45638644604646472,240.88432850496838
4820,0.4598506541727379,0.4598506541727379,239.64829904954004
4821,0.4532414818937488,0.4532414818937488,240.26878223857753
4822,0.46058287308688667,0.46058287308688667,241.66338715374042
4823,0.45691207508800885,0.45691207508800885,241.00380699187394
4824,0.46266889138061601,0.46266889138061601,241.22552423683115
4825,0.45665482009897013,0.45665482009897013,240.06857363651028
4826,0.46204197119652529,0.46204197119652529,242.39344752463893
4827,0.45738500339144722,0.45738500339144722,241.84358648485849
4828,0.45403934934026652,0.45403934934026652,238.80059819357885
4829,0.44489682787415674,0.44489682787415674,235.61398884294931
4830,0.45444389967024634,0.45444389967024634,238.77604239309721
4831,0.45795258719061122,0.45795258719061122,240.99421605343292
4832,0.45089559834626447,0.45089559834626447,236.82816758476037
4833,0.4582496975294772,0.4582496975294772,238.76625193575705
4834,0.46247740569405832,0.46247740569405832,239.52353506122131
4835,0.46096947018988138,0.46096947018988138,238.60455164743826
4836,0.46732695182569051,0.46732695182569051,241.72594067946929
4837,0.45740792236495986,0.45740792236495986,237.81806522887692
4838,0.45418149298533639,0.45418149298533639,238.31763480569558
4839,0.45771817873920206,0.45771817873920206,239.90125262048073
4840,0.4417469791235078,0.4417469791235078,232.75366631658471
4841,0.44460346563517217,0.44460346563517217,232.75710783103781
4842,0.44703889410375686,0.44703889410375686,236.94587000479024
4843,0.45516062793449075,0.45516062793449075,236.88916543216874
4844,0.45087952605046633,0.45087952605046633,237.35587219354397
4845,0.44644770194554795,0.44644770194554795,236.90197365710719
4846,0.45619468763704124,0.45619468763704124,239.85962501652483
4847,0.45169447540623597,0.45169447540623597,234.59869288974141
4848,0.45738449178127716,0.45738449178127716,241.6584771221016
4849,0.45582275787958659,0.45582275787958659,237.8791893146734
4850,0.45915225031732987,0.45915225031732987,237.89204061757178
4851,0.46364200354453561,0.46364200354453561,241.35613653052013
4852,0.46081961564442125,0.46081961564442125,242.39797150730004
4853,0.45641586084655872,0.45641586084655872,239.64712486434709
4854,0.45375392914134227,0.45375392914134227,240.26913084948677
4855,0.44813080166921493,0.44813080166921493,236.46969632628233
4856,0.45341902122487709,0.45341902122487709,237.5321668232726
4857,0.45254029346278174,0.45254029346278174,238.01368893696585
4858,0.46244571426352399,0.46244571426352399,241.71174486371305
4859,0.44806183010720135,0.44806183010720135,235.89491117881204
4860,0.46162042347547383,0.46162042347547383,243.37625030440972
4861,0.4542438022940708,0.4542438022940708,237.30339680178577
4862,0.44924649479298784,0.44924649479298784,235.60254241012481
4863,0.45385311504906972,0.45385311504906972,240.55330369575822
4864,0.44981448541152885,0.44981448541152885,239.56482815644409
4865,0.44213138077991887,0.44213138077991887,235.91769775119815
4866,0.44018171528177003,0.44018171528177003,233.87358902701379
4867,0.45256320121554527,0.45256320121554527,242.2401125170671
4868,0.44589348771781906,0.44589348771781906,240.9287836308884
4869,0.44980353528031936,0.44980353528031936,238.14624898268107
4870,0.44786268447000532,0.44786268447000532,240.23948201452276
4871,0.45577948872034701,0.45577948872034701,239.41169183761872
4872,0.45845913285786899,0.45845913285786899,242.19286204092549
4873,0.45448785135845943,0.45448785135845943,242.27713161841945
4874,0.44967878851841547,0.44967878851841547,240.59511900487678
4875,0.44853871542017432,0.44853871542017432,240.28749203507542
4876,0.44994021119569794,0.44994021119569794,240.78641628286246
4877,0.45230293045990849,0.45230293045990849,238.35375330795395
4878,0.45283589202526509,0.45283589202526509,240.55480792435182
4879,0.44626201325848835,0.44626201325848835,239.8274756565761
4880,0.44419019015047467,0.44419019015047467,236.53150623607613
4881,0.44363408511693858,0.44363408511693858,236.08014773274212
4882,0.44765759531039484,0.44765759531039484,238.03113209957323
4883,0.44855060007266789,0.44855060007266789,239.3961768613602
4884,0.45465585509428347,0.45465585509428347,240.25031490278175
4885,0.4448180098413525,0.4448180098413525,233.90911725716995
4886,0.44402319181153782,0.44402319181153782,235.43333507518938
4887,0.44650079730677134,0.44650079730677134,237.14253981013863
4888,0.44914208097871738,0.44914208097871738,237.28635063722922
4889,0.44860768101782494,0.44860768101782494,237.82002025782867
4890,0.44926863323779787,0.44926863323779787,238.34083938361951
4891,0.43864411961752331,0.43864411961752331,233.47055721036253
4892,0.44560320552176125,0.44560320552176125,236.13574790932989
4893,0.44930636613811403,0.44930636613811403,235.64733608825154
4894,0.45039643164118159,0.45039643164118159,236.89221657744602
4895,0.44594975174867618,0.44594975174867618,233.86290765743956
4896,0.45172598487148796,0.45172598487148796,237.12458961594149
4897,0.44934797907093066,0.44934797907093066,237.75203414040303
4898,0.447225605509736,0.447225605509736,235.92940853164038
4899,0.44557080521532788,0.44557080521532788,237.33731100848405
4900,0.44707783150140357,0.44707783150140357,237.92276575605601
4901,0.44057584476980116,0.44057584476980116,235.13308409133543
4902,0.44308631222318356,0.44308631222318356,233.2857300432951
4903,0.45572472331047448,0.45572472331047448,242.17740227610525
4904,0.44216022938077926,0.44216022938077926,236.44572907802271
4905,0.43101857157631684,0.43101857157631684,229.93075901586349
4906,0.44210509567145023,0.44210509567145023,234.39623756776444
4907,0.45085449441783948,0.45085449441783948,237.70022885442555
4908,0.44170432614275851,0.44170432614275851,233.24338537955737
4909,0.44860705295906078,0.44860705295906078,238.57912462016537
4910,0.44864949499126699,0.44864949499126699,237.29670296760432
4911,0.43487247964422543,0.43487247964422543,232.01679550463533
4912,0.45026163068953862,0.45026163068953862,236.88250350792245
4913,0.4344260920694919,0.4344260920694919,233.72335138141321
4914,0.44187562619373766,0.44187562619373766,233.50842289064144
4915,0.43410693735574057,0.43410693735574057,232.72348415304245
4916,0.44546336648629198,0.44546336648629198,237.56584563271252
4917,0.44260640272831775,0.44260640272831775,235.54911408496076
4918,0.4434382206738503,0.4434382206738503,237.65761756666734
4919,0.44211606235925494,0.44211606235925494,236.78251247495194
4920,0.43468267338905403,0.43468267338905403,231.15373033488513
4921,0.43612362008999062,0.43612362008999062,235.21978890643632
4922,0.43671985238441585,0.43671985238441585,234.75839191580386
4923,0.43940204101989788,0.43940204101989788,237.15541664161628
4924,0.43848673732395554,0.43848673732395554,235.85152914797658
4925,0.44387117253412889,0.44387117253412889,236.38310575980071
4926,0.43609014647508298,0.43609014647508298,233.07613780506875
4927,0.42692609740135873,0.42692609740135873,229.33623631606119
4928,0.4278230400934791,0.4278230400934791,231.23856354901847
4929,0.43394027917475719,0.43394027917475719,231.60325464595854
4930,0.43200856880743388,0.43200856880743388,232.30316236462642
4931,0.43915841588218374,0.43915841588218374,233.40608402850495
4932,0.43402558975071914,0.43402558975071914,232.84901333002034
4933,0.43709820376100594,0.43709820376100594,233.88745532988978
4934,0.43805103317212402,0.43805103317212402,233.86285221077384
4935,0.4378304215438355,0.4378304215438355,234.24471905584898
4936,0.43552482975824225,0.43552482975824225,234.16161589285758
4937,0.44196156049447416,0.44196156049447416,232.6482291484389
4938,0.43528782345028966,0.43528782345028966,232.44812528423154
4939,0.43837901992936645,0.43837901992936645,231.18488748971563
4940,0.42998259587371324,0.42998259587371324,231.70277299598783
4941,0.43342179917880863,0.43342179917880863,233.31349664703558
4942,0.43849731536701719,0.43849731536701719,233.55154422583024
4943,0.43003239797464249,0.43003239797464249,231.63667421647347
4944,0.42101016113520356,0.42101016113520356,226.87049042608069
4945,0.43601282756314819,0.43601282756314819,234.25606426113555
4946,0.44641435056987178,0.44641435056987178,235.2133739461222
4947,0.44060310841338779,0.44060310841338779,233.11467301205511
4948,0.44493450879740992,0.44493450879740992,235.69256515244268
4949,0.43636850676290823,0.43636850676290823,233.78128372383679
4950,0.44157084021635978,0.44157084021635978,233.12370362114842
4951,0.43683335971330423,0.43683335971330423,232.77281845995918
4952,0.44297566667452237,0.44297566667452237,237.67182360000601
4953,0.43707727021960946,0.43707727021960946,230.95941217718809
4954,0.43769331550760099,0.43769331550760099,231.54547189829992
4955,0.44788434624949403,0.44788434624949403,237.34759203669506
4956,0.44644417420100935,0.44644417420100935,236.33663709830324
4957,0.4514124751949809,0.4514124751949809,237.74787645371552
4958,0.44857169380931117,0.44857169380931117,235.08908507312063
4959,0.44862316367138089,0.44862316367138089,236.5227323760036
4960,0.44049356600519918,0.44049356600519918,231.18777065753025
4961,0.44270419761585733,0.44270419761585733,232.64897929458365
4962,0.44191900111858906,0.44191900111858906,233.03175406935787
4963,0.43751455590377375,0.43751455590377375,231.86160618424847
4964,0.44141840015057754,0.44141840015057754,234.86036684647053
4965,0.44830795329257922,0.44830795329257922,235.06711254962806
4966,0.44035938872981523,0.44035938872981523,232.42647432348195
4967,0.43285984772936786,0.43285984772936786,230.9431322039714
4968,0.44606034127703686,0.44606034127703686,233.5568307935871
4969,0.44010386616504532,0.44010386616504532,233.3937792839227
4970,0.42864062128673142,0.42864062128673142,228.46850837882386
4971,0.43255001178230723,0.43255001178230723,232.20605279595483
4972,0.43550711456397362,0.43550711456397362,233.85752005401613
4973,0.43728896744374202,0.43728896744374202,233.79402346419656
4974,0.4380360226363374,0.4380360226363374,235.43247455718421
4975,0.44086480279426182,0.44086480279426182,233.06435619132304
4976,0.44436770699864392,0.44436770699864392,235.62340687271404
4977,0.42990258919837493,0.42990258919837493,232.52556460164789
4978,0.43573682101727584,0.43573682101727584,232.13485888131072
4979,0.44146401067268626,0.44146401067268626,235.19182983381356
4980,0.43875867357798526,0.43875867357798526,232.957999092503
4981,0.43789635025401807,0.43789635025401807,235.54520001119664
4982,0.43455528941949934,0.43455528941949934,232.83562657304455
4983,0.4300957609034407,0.4300957609034407,230.4083842067451
4984,0.45076259708256555,0.45076259708256555,238.15949608983146
4985,0.45098628648417993,0.45098628648417993,238.25179025247888
4986,0.44135910959485425,0.44135910959485425,234.23997998971149
4987,0.4434720186347853,0.4434720186347853,236.06157761078794
4988,0.44223292801671443,0.44223292801671443,234.78737248765214
4989,0.43400396461681473,0.43400396461681473,229.26347919667387
4990,0.44828035739321653,0.44828035739321653,237.77420920688661
4991,0.45238941340257066,0.45238941340257066,236.74598048116627
4992,0.44599741961135475,0.44599741961135475,235.72477764328883
4993,0.43086454096744653,0.43086454096744653,227.93518354862636
4994,0.45004278624809546,0.45004278624809546,238.36811131312226
4995,0.44868883126542558,0.44868883126542558,237.11218131665288
4996,0.44981974420948961,0.44981974420948961,236.70174404958917
4997,0.4427673122382173,0.4427673122382173,235.01343876450809
4998,0.4487502952025742,0.4487502952025742,234.41152709406066
4999,0.44548669351542297,0.44548669351542297,233.52966521870025
5000,0.44519098465057699,0.44519098465057699,234.69525676533718
5001,0.42862751936402627,0.42862751936402627,224.5127844164052
5002,0.43879375658840114,0.43879375658840114,233.13498817871792
5003,0.44172672665897422,0.44172672665897422,236.93889834846044
5004,0.43631478522464667,0.43631478522464667,233.28496992752397
5005,0.44498024470476993,0.44498024470476993,236.36153043032218
5006,0.44530413503004362,0.44530413503004362,236.45211916780835
5007,0.44112696184699451,0.44112696184699451,233.53863653347122
5008,0.43911536118318023,0.43911536118318023,233.4460934204416
5009,0.44473763666696114,0.44473763666696114,236.92209055845896
5010,0.44696092003735483,0.44696092003735483,235.52074531701223
5011,0.44381930573447353,0.44381930573447353,236.44536134701511
5012,0.44583059844724227,0.44583059844724227,233.43758601864869
5013,0.44252401556658888,0.44252401556658888,235.41912999178786
5014,0.44375980518176872,0.44375980518176872,235.04362033936985
5015,0.4365552774118564,0.4365552774118564,232.28566673750137
5016,0.43738399730467387,0.43738399730467387,231.22809335986125
5017,0.44366036962297362,0.44366036962297362,234.35217239807918
5018,0.43815997597734729,0.43815997597734729,229.913752933659
5019,0.4400556825527927,0.4400556825527927,231.76256304914182
5020,0.43675778249864916,0.43675778249864916,230.30938207149194
5021,0.4506091086605899,0.4506091086605899,235.44513606084303
5022,0.43289556954842456,0.43289556954842456,227.6861924011524
5023,0.43896412435907611,0.43896412435907611,231.55565905488425
5024,0.43300251791327327,0.43300251791327327,229.35304376276207
5025,0.42943586004404732,0.42943586004404732,230.8004811853877
5026,0.43519502796257192,0.43519502796257192,231.63756415519464
5027,0.43356228339832825,0.43356228339832825,231.11000475788805
5028,0.42706987773954885,0.42706987773954885,229.88132706793968
5029,0.43310485466676701,0.43310485466676701,232.10671511021275
5030,0.43968424762955005,0.43968424762955005,232.51525302605151
5031,0.43152621732917895,0.43152621732917895,232.37081441723308
5032,0.43377522083507591,0.43377522083507591,231.8376054078538
5033,0.43033249325742329,0.43033249325742329,230.38025986818624
5034,0.44795766378728119,0.44795766378728119,236.15253348049356
5035,0.441284004625427,0.441284004625427,229.98569763795868
5036,0.44998867866509296,0.44998867866509296,235.68102264470016
5037,0.44807388007862975,0.44807388007862975,235.9334524849618
5038,0.43730689610490103,0.43730689610490103,232.00488829141219
5039,0.4491683048619054,0.4491683048619054,238.41517055508848
5040,0.44116832136237838,0.44116832136237838,233.09072856158372
5041,0.44331456188334456,0.44331456188334456,234.22690871471704
5042,0.43531263802946379,0.43531263802946379,229.88293881627652
5043,0.43841343922524328,0.43841343922524328,231.79005458617999
5044,0.44402625315728195,0.44402625315728195,234.40346815815732
5045,0.44696409161194389,0.44696409161194389,235.29933915850216
5046,0.44057726990431378,0.44057726990431378,234.31645079319122
5047,0.43777817527541751,0.43777817527541751,231.60962322849068
5048,0.43663610506952316,0.43663610506952316,231.0657184698137
5049,0.43513132998628229,0.43513132998628229,228.5839025132625
5050,0.43598387383481552,0.43598387383481552,228.90886275032875
5051,0.44168226397318772,0.44168226397318772,232.06103823798998
5052,0.43540790249062039,0.43540790249062039,230.72989368967782
5053,0.44380378221691064,0.44380378221691064,230.12306843345041
5054,0.43357013748572087,0.43357013748572087,227.81251108782772
5055,0.43369784831146496,0.43369784831146496,226.58226078246631
5056,0.43216043456454367,0.43216043456454367,230.36436583460727
5057,0.441247177404965,0.441247177404965,233.58936414500963
5058,0.43705740962782241,0.43705740962782241,232.48436286334677
5059,0.44483554931242653,0.44483554931242653,235.59697344512733
5060,0.44562022187343775,0.44562022187343775,235.19896042660548
5061,0.44283928287881447,0.44283928287881447,233.48011496117493
5062,0.44907127868085028,0.44907127868085028,235.67921711727823
5063,0.44562626883171397,0.44562626883171397,235.35686061885963
5064,0.44448532493394544,0.44448532493394544,235.34194244012443
5065,0.45190657034825321,0.45190657034825321,236.78734575317904
5066,0.46190325940802407,0.46190325940802407,239.33267231727345
5067,0.46156697963798576,0.46156697963798576,238.25857392109174
5068,0.44570721844953376,0.44570721844953376,235.91646008305406
5069,0.45328518027887171,0.45328518027887171,239.61817845618322
5070,0.45631098587227975,0.45631098587227975,238.74659547017509
5071,0.460267027230569,0.460267027230569,241.69361531786686
5072,0.45797879367971123,0.45797879367971123,240.52348823842203
5073,0.45525960170681368,0.45525960170681368,239.08788590683784
5074,0.45407546564790086,0.45407546564790086,237.87693972900121
5075,0.44693237639704686,0.44693237639704686,234.19264598818432
5076,0.45571723801492225,0.45571723801492225,239.9959999361231
5077,0.45116778427879911,0.45116778427879911,237.28627570476118
5078,0.46168789679744754,0.46168789679744754,239.18020401698988
5079,0.46431795033183026,0.46431795033183026,241.49253269199266
5080,0.45509645270557553,0.45509645270557553,237.16440674383944
5081,0.45393827729750624,0.45393827729750624,237.35020380861616
5082,0.44547835819122888,0.44547835819122888,229.24184498573618
5083,0.45817535220118211,0.45817535220118211,239.73599807015438
5084,0.44972286677576445,0.44972286677576445,233.8176786922491
5085,0.45424964934400619,0.45424964934400619,237.29774618918606
5086,0.45373667875374391,0.45373667875374391,237.36502773422745
5087,0.45217737252383838,0.45217737252383838,238.50737767954485
5088,0.45382724873007041,0.45382724873007041,239.85677687917845
5089,0.44516128338168892,0.44516128338168892,234.9609192134933
5090,0.44697079808831502,0.44697079808831502,234.67716105558875
5091,0.44768729231681609,0.44768729231681609,236.7949024903146
5092,0.44704796876186748,0.44704796876186748,238.07626399623763
5093,0.44120548426218298,0.44120548426218298,233.79559516994897
5094,0.4465999687648779,0.4465999687648779,235.15337426348816
5095,0.44274568090698407,0.44274568090698407,237.0616322242216
5096,0.4536007956364364,0.4536007956364364,240.73340507551438
5097,0.44969476986772045,0.44969476986772045,238.50832461225028
5098,0.4418518478871391,0.4418518478871391,232.41293955928936
5099,0.44352400511277629,0.44352400511277629,235.78766062961373
5100,0.44506428480146398,0.44506428480146398,235.90182461053547
5101,0.44552927674826837,0.44552927674826837,236.1084931493578
5102,0.44896746892014416,0.44896746892014416,237.38301034337627
5103,0.45254313565141313,0.45254313565141313,239.98601196781016
5104,0.44630153886739848,0.44630153886739848,233.17375031612423
5105,0.45275899116176299,0.45275899116176299,239.48705411501541
5106,0.45157897501886729,0.45157897501886729,237.57938068606978
5107,0.44975448775648774,0.44975448775648774,238.98453498951449
5108,0.43712854874503482,0.43712854874503482,231.28312699932985
5109,0.43905329548697852,0.43905329548697852,235.60772575070078
5110,0.44800908896508862,0.44800908896508862,236.00819116349226
5111,0.44707166824905481,0.44707166824905481,237.83392992974649
5112,0.44417648886696381,0.44417648886696381,237.17871550057279
5113,0.45056226824295853,0.45056226824295853,238.54516320866392
5114,0.45386931648193996,0.45386931648193996,238.11568035589585
5115,0.45129636374364812,0.45129636374364812,238.83787541440134
5116,0.45192520359208654,0.45192520359208654,238.72596503543022
5117,0.45361695671482971,0.45361695671482971,237.1515553030662
5118,0.45420185565545168,0.45420185565545168,237.34639506894405
5119,0.45914830497428427,0.45914830497428427,239.94727612106962
5120,0.46535864642791447,0.46535864642791447,243.75388843959794
5121,0.46083626128122068,0.46083626128122068,239.59557791126502
5122,0.46079274036582729,0.46079274036582729,240.81833532517285
5123,0.45899026559492562,0.45899026559492562,238.86621866255891
5124,0.46385974228335181,0.46385974228335181,242.6195272116218
5125,0.45723156478550192,0.45723156478550192,238.88728228744418
5126,0.46247236422038435,0.46247236422038435,243.12036597466599
5127,0.45690094833080463,0.45690094833080463,240.60130894686941
5128,0.45701704281012512,0.45701704281012512,239.0847092347467
5129,0.4550873284919229,0.4550873284919229,239.92156869299916
5130,0.45892465035181507,0.45892465035181507,242.12514830468118
5131,0.45901025721730748,0.45901025721730748,240.51658514437463
5132,0.44549962810668636,0.44549962810668636,235.34414463939729
5133,0.4578462727487872,0.4578462727487872,241.91812061698474
5134,0.45217795998156535,0.45217795998156535,239.87473440311197
5135,0.44166775985542539,0.44166775985542539,234.71638983447679
5136,0.43939797246324241,0.43939797246324241,233.8588960285866
5137,0.44516296487883589,0.44516296487883589,234.16391127812722
5138,0.44938036258160874,0.44938036258160874,237.26766023194583
5139,0.45599859593624198,0.45599859593624198,240.26987552857796
5140,0.45491384390381207,0.45491384390381207,239.2547383907951
5141,0.45279887263030194,0.45279887263030194,238.46982315488495
5142,0.4538799862526412,0.4538799862526412,237.78028296431367
5143,0.45854077819826317,0.45854077819826317,239.53878473167862
5144,0.46500220830423844,0.46500220830423844,243.698946437595
5145,0.45893434117696064,0.45893434117696064,240.48062541521753
5146,0.46558274105983849,0.46558274105983849,242.1651005581854
5147,0.45752128661982427,0.45752128661982427,239.26817788610023
5148,0.4657727303419314,0.4657727303419314,240.80064559317853
5149,0.46052202760658723,0.46052202760658723,238.63867622350091
5150,0.4569377398127058,0.4569377398127058,239.14812086248352
5151,0.45978346376866785,0.45978346376866785,237.08256845206932
5152,0.45882761932258898,0.45882761932258898,239.09180113637345
5153,0.44811622596870315,0.44811622596870315,232.96741818881213
5154,0.44968219083525518,0.44968219083525518,233.53473167325427
5155,0.46516970502075827,0.46516970502075827,240.86664336831214
5156,0.4584798031386163,0.4584798031386163,237.89926061462717
5157,0.45885336959963274,0.45885336959963274,236.50180574602126
5158,0.46131689138684812,0.46131689138684812,240.14213810404166
5159,0.46028002816253483,0.46028002816253483,239.39511136544996
5160,0.46567321942912471,0.46567321942912471,240.17852222360148
5161,0.46327632732193136,0.46327632732193136,240.6736283566425
5162,0.45956045382788746,0.45956045382788746,239.76662787178503
5163,0.46482900918047348,0.46482900918047348,241.14534546096093
5164,0.46077715659130652,0.46077715659130652,239.2406225822327
5165,0.44836920655746237,0.44836920655746237,234.31320194153841
5166,0.46398873272372931,0.46398873272372931,240.47331623343422
5167,0.44298873071629463,0.44298873071629463,231.47418397801025
5168,0.45358891183936301,0.45358891183936301,237.52901977450233
5169,0.45166284662427847,0.45166284662427847,235.17337397904785
5170,0.45500938998976742,0.45500938998976742,238.91149862548696
5171,0.45188250180259271,0.45188250180259271,236.80682890032375
5172,0.45687535722870842,0.45687535722870842,240.49177235203342
5173,0.45850679146132373,0.45850679146132373,239.09205358179162
5174,0.45808404250146462,0.45808404250146462,237.15421107125462
5175,0.4591874513253017,0.4591874513253017,239.01299751734842
5176,0.4671120518004484,0.4671120518004484,242.05631471092337
5177,0.45903912271974201,0.45903912271974201,237.81001659338048
5178,0.45696539165676431,0.45696539165676431,235.36352037080968
5179,0.45752084383145031,0.45752084383145031,239.29637321873997
5180,0.45985609161353691,0.45985609161353691,240.08386872595443
5181,0.44715066162735839,0.44715066162735839,236.3605220254467
5182,0.45449532357597688,0.45449532357597688,237.32519581651476
5183,0.44201928839373544,0.44201928839373544,232.27026131017698
5184,0.45148622644502812,0.45148622644502812,237.23862287140673
5185,0.44624949816977033,0.44624949816977033,236.12003672588077
5186,0.4405597211499831,0.4405597211499831,233.05614700095421
5187,0.43807556058693764,0.43807556058693764,231.65727633075221
5188,0.43559057002781987,0.43559057002781987,230.63122415205947
5189,0.44910319866751303,0.44910319866751303,234.70728463001677
5190,0.44296802867095852,0.44296802867095852,233.34652722463525
5191,0.44552541652832112,0.44552541652832112,235.3148060243239
5192,0.43604706804848614,0.43604706804848614,230.52101335389858
5193,0.44132891785551126,0.44132891785551126,233.0445516818765
5194,0.4413803331141577,0.4413803331141577,232.60502990074102
5195,0.44053355015891621,0.44053355015891621,233.83138479422118
5196,0.45079295290114951,0.45079295290114951,237.54076683199804
5197,0.44292621551841477,0.44292621551841477,234.31466859631183
5198,0.45554721814959381,0.45554721814959381,239.5069222461033
5199,0.45829346464417087,0.45829346464417087,239.39909719630177
5200,0.46182402444235449,0.46182402444235449,241.78395005327056
5201,0.45597190335707871,0.45597190335707871,235.47672856275381
5202,0.45113364567863767,0.45113364567863767,236.02332192215241
5203,0.44523912648548747,0.44523912648548747,234.97504232934654
5204,0.45098802018108525,0.45098802018108525,235.94730574756773
5205,0.44725327966553186,0.44725327966553186,233.22029704669984
5206,0.44091793062998874,0.44091793062998874,232.62721323033276
5207,0.43901561046687887,0.43901561046687887,231.31347083216355
5208,0.43765662128872007,0.43765662128872007,228.366146168272
5209,0.43578540808904559,0.43578540808904559,229.21643921624027
5210,0.44186950452585433,0.44186950452585433,230.93031846678088
5211,0.4388985718915997,0.4388985718915997,233.21325831659132
5212,0.44162150390341226,0.44162150390341226,234.15687703014063
5213,0.44137097481651366,0.44137097481651366,232.01366728224133
5214,0.45033758169607419,0.45033758169607419,235.45032322440494
5215,0.44538040979530946,0.44538040979530946,234.59506413944078
5216,0.4469677655092183,0.4469677655092183,233.57618504465455
5217,0.44914719213914972,0.44914719213914972,238.41401390276459
5218,0.44963421038734264,0.44963421038734264,236.99249645530864
5219,0.44771965104762834,0.44771965104762834,235.60603809071782
5220,0.44738672108392014,0.44738672108392014,236.16447372066722
5221,0.4489103330221722,0.4489103330221722,235.03119645150974
5222,0.44517141162916118,0.44517141162916118,233.18625182364949
5223,0.44580998756540147,0.44580998756540147,235.26265470193394
5224,0.44477659407083159,0.44477659407083159,233.32822640647299
5225,0.44747696707314022,0.44747696707314022,236.47634625134546
5226,0.45535751899696281,0.45535751899696281,239.32795970251496
5227,0.44793285901967766,0.44793285901967766,238.63612347116469
5228,0.4487873381732369,0.4487873381732369,237.92039033540655
5229,0.44154435918685059,0.44154435918685059,234.54485599785158
5230,0.43768847320160925,0.43768847320160925,233.91038573704571
5231,0.42836274660197571,0.42836274660197571,229.21097006030632
5232,0.43964563699437387,0.43964563699437387,233.09148701614373
5233,0.44604656441095381,0.44604656441095381,236.38305707979924
5234,0.43488492706653059,0.43488492706653059,230.14667079938462
5235,0.42947739992672596,0.42947739992672596,229.01579368792835
5236,0.4314431787780319,0.4314431787780319,231.71726796129315
5237,0.43534963932529103,0.43534963932529103,233.29146162822403
5238,0.43449500782594808,0.43449500782594808,232.52087421049038
5239,0.43440120904964658,0.43440120904964658,231.20541209855406
5240,0.44265851869897732,0.44265851869897732,234.08599033955525
5241,0.42879853249142047,0.42879853249142047,228.49060337165992
5242,0.43696188723792578,0.43696188723792578,231.92892551421642
5243,0.44479687756284025,0.44479687756284025,234.79773442318424
5244,0.44992914501595227,0.44992914501595227,235.37179044077902
5245,0.44552574624784003,0.44552574624784003,235.19947475802647
5246,0.44313351961616404,0.44313351961616404,233.20672409866052
5247,0.44979481532835353,0.44979481532835353,235.42245116412491
5248,0.44205871644355632,0.44205871644355632,231.4268743669175
5249,0.43474044241810833,0.43474044241810833,229.25457455519108
5250,0.44275448195042538,0.44275448195042538,233.05655334014097
5251,0.42876151745822,0.42876151745822,223.35358030891999
5252,0.45305126437650467,0.45305126437650467,232.28381041184426
5253,0.45617360496565479,0.45617360496565479,237.50673004596325
5254,0.4527332147212369,0.4527332147212369,235.12843137319624
5255,0.45594129223284929,0.45594129223284929,234.9430237425143
5256,0.44940024538793716,0.44940024538793716,232.72799186607753
5257,0.44759989748646134,0.44759989748646134,229.83088933524203
5258,0.43994126273909151,0.43994126273909151,230.06838306291417
5259,0.44697464586958285,0.44697464586958285,231.9568692277723
5260,0.45231669156623405,0.45231669156623405,235.64776264586612
5261,0.44021468277664078,0.44021468277664078,230.31141139180122
5262,0.45139150929814209,0.45139150929814209,233.70910718103454
5263,0.44964259324730566,0.44964259324730566,233.95236138590138
5264,0.44938523938757147,0.44938523938757147,235.04679300393065
5265,0.44131046474706681,0.44131046474706681,231.03114613481475
5266,0.44038142042674383,0.44038142042674383,230.58663855958599
5267,0.44439271407585162,0.44439271407585162,232.76099187565518
5268,0.43634867637302371,0.43634867637302371,231.25063397839244
5269,0.44476138951618482,0.44476138951618482,234.77190517432706
5270,0.42886669319441567,0.42886669319441567,226.28904551538193
5271,0.43558895531018677,0.43558895531018677,229.29359715142809
5272,0.43856861433813626,0.43856861433813626,228.52666410343818
5273,0.43664201301991418,0.43664201301991418,228.37278186477948
5274,0.43443923811333712,0.43443923811333712,227.36951985398781
5275,0.43525043166217614,0.43525043166217614,227.8405294751764
5276,0.4333480152896283,0.4333480152896283,227.382232399207
5277,0.43501993272823175,0.43501993272823175,227.42421286805092
5278,0.43549159178688851,0.43549159178688851,228.73559554108152
5279,0.43948582856172819,0.43948582856172819,230.7661996423513
5280,0.43105533355531289,0.43105533355531289,226.32177330240717
5281,0.43266139576952051,0.43266139576952051,227.01860841256115
5282,0.43505076005216142,0.43505076005216142,228.63710449804677
5283,0.44617269701269269,0.44617269701269269,233.05263919524864
5284,0.44367589840711286,0.44367589840711286,231.55335686929502
5285,0.45410716688823483,0.45410716688823483,235.20676109593805
5286,0.45311143701843759,0.45311143701843759,235.15299378144783
5287,0.45492833558829382,0.45492833558829382,233.93865137900715
5288,0.43798724943814599,0.43798724943814599,228.02184182512875
5289,0.45078347461475837,0.45078347461475837,233.59633499199043
5290,0.44353770255355096,0.44353770255355096,229.58254243866386
5291,0.45383211676552832,0.45383211676552832,235.57146442390967
5292,0.44179952160439973,0.44179952160439973,230.49526441426013
5293,0.44097949914635465,0.44097949914635465,230.55551407377598
5294,0.43974584072386957,0.43974584072386957,226.63299928535542
5295,0.45012935690001699,0.45012935690001699,231.89711417078439
5296,0.45709850531467805,0.45709850531467805,235.59628499500587
5297,0.45117087368588304,0.45117087368588304,234.43617961919495
5298,0.45575456348667781,0.45575456348667781,236.41617998596143
5299,0.45426038350132336,0.45426038350132336,234.19288477737754
5300,0.44983900234743868,0.44983900234743868,233.3169126253575
5301,0.45530953063408053,0.45530953063408053,236.39083852570843
5302,0.44726356029927689,0.44726356029927689,233.2455535664968
5303,0.44620400878866395,0.44620400878866395,231.28598282759458
5304,0.44369630305593244,0.44369630305593244,232.99334416456151
5305,0.44853262814136158,0.44853262814136158,235.26955992706431
5306,0.44451518405042245,0.44451518405042245,234.84943027721465
5307,0.44724369854741691,0.44724369854741691,235.32929809865172
5308,0.4495874785699196,0.4495874785699196,233.38209262078726
5309,0.4529761783686993,0.4529761783686993,235.84319453882227
5310,0.44902820229711871,0.44902820229711871,233.72520022920443
5311,0.45029566786398767,0.45029566786398767,235.52865513317951
5312,0.44738549973831898,0.44738549973831898,232.90998311607217
5313,0.45466280552124783,0.45466280552124783,236.03198835627504
5314,0.44532977818606945,0.44532977818606945,231.96737944606383
5315,0.44818883728493397,0.44818883728493397,234.8629884473286
5316,0.44403069257037958,0.44403069257037958,233.03225152664263
5317,0.4494804034691991,0.4494804034691991,237.40590791296955
5318,0.44026333452669786,0.44026333452669786,231.48008102341481
5319,0.45238042294237263,0.45238042294237263,236.06983404379656
5320,0.44657921287277036,0.44657921287277036,231.43928471951057
5321,0.45989782455202899,0.45989782455202899,238.24628483832015
5322,0.44727006014873949,0.44727006014873949,234.04541271610827
5323,0.45425628617479086,0.45425628617479086,239.20282140070239
5324,0.4439293635364237,0.4439293635364237,233.34668824999062
5325,0.4548066138231136,0.4548066138231136,236.93812206280012
5326,0.45414517909764485,0.45414517909764485,237.00833468464776
5327,0.44762144934699022,0.44762144934699022,234.48469817571444
5328,0.45887344854713996,0.45887344854713996,240.51759693381777
5329,0.45956690967955921,0.45956690967955921,239.19870544716704
5330,0.45874229380178233,0.45874229380178233,238.20313415723462
5331,0.4599365298924748,0.4599365298924748,237.60143413755472
5332,0.45649249024253918,0.45649249024253918,236.29132018592441
5333,0.45555226656776593,0.45555226656776593,238.06825008984296
5334,0.45730298124107394,0.45730298124107394,239.0326133058997
5335,0.45479109102318366,0.45479109102318366,235.7589914060286
5336,0.46086498494847106,0.46086498494847106,240.23794358331685
5337,0.45826112378253825,0.45826112378253825,238.90553709262963
5338,0.45448053156730578,0.45448053156730578,239.28498092860031
5339,0.44843572923267211,0.44843572923267211,234.97774159516507
5340,0.4458984364557862,0.4458984364557862,235.58130111941529
5341,0.44908789393647641,0.44908789393647641,235.87497803291095
5342,0.45585439541845574,0.45585439541845574,238.06534496575313
5343,0.44641631937263931,0.44641631937263931,235.18781473676077
5344,0.44940068797666954,0.44940068797666954,235.29371806809695
5345,0.45047602694133648,0.45047602694133648,235.48721926283761
5346,0.44088364358690957,0.44088364358690957,233.22612825703217
5347,0.43813708107373561,0.43813708107373561,230.41348487663191
5348,0.44221170344849314,0.44221170344849314,233.19983552741013
5349,0.44732536504295284,0.44732536504295284,234.03927778261132
5350,0.4442885483910996,0.4442885483910996,231.12507568185575
5351,0.45276601689013918,0.45276601689013918,236.3134475776954
5352,0.44287268475223185,0.44287268475223185,230.78442525446727
5353,0.45383933450950059,0.45383933450950059,238.5056634854962
5354,0.44945483541361336,0.44945483541361336,236.20270615204677
5355,0.44149722198389157,0.44149722198389157,233.42346172205671
5356,0.45054849796655744,0.45054849796655744,235.26739634093732
5357,0.44840257365276875,0.44840257365276875,233.68826686294869
5358,0.45055366215510029,0.45055366215510029,234.17554794762003
5359,0.44150363276783616,0.44150363276783616,232.82979968777713
5360,0.44276962923366447,0.44276962923366447,231.3421485590267
5361,0.46065210221753772,0.46065210221753772,237.94178202406147
5362,0.45717240108181878,0.45717240108181878,234.68012875993071
5363,0.46588204526575883,0.46588204526575883,237.72575098809176
5364,0.46272910486141428,0.46272910486141428,235.82607750430043
5365,0.4603983670012356,0.4603983670012356,234.01959421971907
5366,0.45545032131547203,0.45545032131547203,232.47169427312321
5367,0.4527830200156327,0.4527830200156327,230.47676796551232
5368,0.45906984145059804,0.45906984145059804,235.54813159399737
5369,0.46186143930392215,0.46186143930392215,234.23185711464248
5370,0.4587725598375898,0.4587725598375898,235.09387428752001
5371,0.45846828749878199,0.45846828749878199,231.02875946322129
5372,0.45927527030029919,0.45927527030029919,234.80938571170992
5373,0.45656338358936777,0.45656338358936777,234.7774204430778
5374,0.46254234581106263,0.46254234581106263,235.00192833877765
5375,0.45823450669898236,0.45823450669898236,236.09030827910956
5376,0.4512364134038388,0.4512364134038388,233.85269160161928
5377,0.45508753115556494,0.45508753115556494,233.83346864121955
5378,0.45162024996644917,0.45162024996644917,231.12044453550456
5379,0.46014242082076945,0.46014242082076945,233.1465063778931
5380,0.45433873886874643,0.45433873886874643,232.44771674030576
5381,0.45413177331968474,0.45413177331968474,233.04852471964509
5382,0.45444664408795632,0.45444664408795632,232.61092857420527
5383,0.45832527085394376,0.45832527085394376,235.77246167156895
5384,0.460272320235665,0.460272320235665,234.67878710841151
5385,0.46166099318184201,0.46166099318184201,237.53864617555291
5386,0.4516136153406432,0.4516136153406432,232.56720362188247
5387,0.45908922165066424,0.45908922165066424,236.60354448178842
5388,0.45230491510246845,0.45230491510246845,236.07839946649969
5389,0.45162203945948837,0.45162203945948837,236.40032171112844
5390,0.46090564293123271,0.46090564293123271,239.37223077111184
5391,0.46230623369222912,0.46230623369222912,239.33954988739552
5392,0.46850444669659391,0.46850444669659391,240.79031989356781
5393,0.4590349225679996,0.4590349225679996,237.37693350216023
5394,0.46227160910410703,0.46227160910410703,237.05072780354348
5395,0.46329592916010204,0.46329592916010204,239.95668534100233
5396,0.46097563902191918,0.46097563902191918,239.15491140396202
5397,0.46102825595290275,0.46102825595290275,239.36224369715092
5398,0.45648793819433109,0.45648793819433109,233.7934281292541
5399,0.45039862334659392,0.45039862334659392,234.99571264373421
5400,0.45413695318447045,0.45413695318447045,236.51626272472237
5401,0.46011687500129617,0.46011687500129617,237.3805738107053
5402,0.4541962574168405,0.4541962574168405,236.15100075537362
5403,0.45304258310883661,0.45304258310883661,236.39228796710236
5404,0.45335051160490131,0.45335051160490131,237.06762829202225
5405,0.45652905522298548,0.45652905522298548,237.94943331120876
5406,0.44735200057602242,0.44735200057602242,232.48357775145678
5407,0.44771078686616217,0.44771078686616217,234.47738910086119
5408,0.45090365475781108,0.45090365475781108,237.36084119058009
5409,0.4549911804634143,0.4549911804634143,236.4980042104788
5410,0.44496669160764213,0.44496669160764213,232.91695707845102
5411,0.44464091803332761,0.44464091803332761,232.74962560338608
5412,0.43749813472750648,0.43749813472750648,231.05801680531744
5413,0.43779259324915021,0.43779259324915021,231.84046779783429
5414,0.44209221314773073,0.44209221314773073,231.85446177625144
5415,0.4407753532715647,0.4407753532715647,231.66849851459659
5416,0.45213922539118229,0.45213922539118229,234.34215642691666
5417,0.45385324150988726,0.45385324150988726,235.15226304948359
5418,0.45040375300013197,0.45040375300013197,234.83149977658476
5419,0.43697000402242103,0.43697000402242103,229.47134660811943
5420,0.45034248433272561,0.45034248433272561,233.80712673316606
5421,0.44962839202073662,0.44962839202073662,233.66007902711081
5422,0.46177882952343519,0.46177882952343519,240.06418710573911
5423,0.46485298778130468,0.46485298778130468,241.26507971227824
5424,0.46758104365559872,0.46758104365559872,241.75166182692323
5425,0.46416839096958429,0.46416839096958429,239.08073419140177
5426,0.46747775330982499,0.46747775330982499,239.34509754221011
5427,0.47119721822386557,0.47119721822386557,241.90077646821595
5428,0.46848271422944521,0.46848271422944521,239.18720029520895
5429,0.46534367624244694,0.46534367624244694,237.56593156240152
5430,0.4608670835176909,0.4608670835176909,237.77184657096291
5431,0.46451840307422082,0.46451840307422082,236.08330448179967
5432,0.46895883991319109,0.46895883991319109,236.46732698365904
5433,0.47381374237042218,0.47381374237042218,238.56954119747684
5434,0.4695246205396586,0.4695246205396586,238.51585355719834
5435,0.44990994215089986,0.44990994215089986,229.72348770631734
5436,0.47081746075438807,0.47081746075438807,239.12513770070532
5437,0.46427678804789307,0.46427678804789307,237.72044581742821
5438,0.46822610251720276,0.46822610251720276,240.26318451470638
5439,0.4628653588173714,0.4628653588173714,237.37207191218386
5440,0.46081389280275076,0.46081389280275076,236.78769760498116
5441,0.46244577148206956,0.46244577148206956,238.15818252707732
5442,0.45170866278812916,0.45170866278812916,232.90855727676208
5443,0.45618889336117824,0.45618889336117824,237.21850131383275
5444,0.46232847866220866,0.46232847866220866,239.21329049091719
5445,0.4625217229039979,0.4625217229039979,240.49373732000976
5446,0.46125514458215544,0.46125514458215544,237.81251961196662
5447,0.4512128519529357,0.4512128519529357,233.00718782336344
5448,0.45637335624157915,0.45637335624157915,235.17317789075301
5449,0.4449714801405979,0.4449714801405979,231.90677884961832
5450,0.45510661334651442,0.45510661334651442,235.87588125664456
5451,0.45497515879084938,0.45497515879084938,235.41632090582692
5452,0.45367799216731142,0.45367799216731142,235.37861307856542
5453,0.45960817718755403,0.45960817718755403,238.18934342165889
5454,0.45876070039011807,0.45876070039011807,237.25698561300231
5455,0.45413859592832051,0.45413859592832051,235.05395786555908
5456,0.45973710011979418,0.45973710011979418,238.11704833257767
5457,0.45198438177872441,0.45198438177872441,234.500391404
5458,0.44870877050497626,0.44870877050497626,233.14978743348388
5459,0.46209861269361108,0.46209861269361108,238.31146149116566
5460,0.4533071305639898,0.4533071305639898,236.35696333081472
5461,0.45479904553480033,0.45479904553480033,235.15525775976607
5462,0.45878889108518306,0.45878889108518306,237.44849359383767
5463,0.45209946754717273,0.45209946754717273,234.86416531090453
5464,0.44815944168066402,0.44815944168066402,234.48523158850816
5465,0.44509290613823688,0.44509290613823688,234.42699407870242
5466,0.44342664998352294,0.44342664998352294,231.56074860638688
5467,0.449644034454319,0.449644034454319,231.70252490226284
5468,0.45708546068681566,0.45708546068681566,237.58634846446495
5469,0.43904249586637922,0.43904249586637922,230.37264348801654
5470,0.44315835130752446,0.44315835130752446,231.47550900270826
5471,0.44917719157034092,0.44917719157034092,235.17688380124264
5472,0.44795968847152701,0.44795968847152701,234.1244147620061
5473,0.44185136712591921,0.44185136712591921,235.11785482881427
5474,0.44632510628409294,0.44632510628409294,233.62885637864639
5475,0.44153536570567964,0.44153536570567964,230.01535534154132
5476,0.44352608658646958,0.44352608658646958,234.70714407613121
5477,0.45221872326451817,0.45221872326451817,236.18317120548537
5478,0.44988522639480866,0.44988522639480866,236.33872667392862
5479,0.45488465185554111,0.45488465185554111,238.81551736041479
5480,0.45057889512656174,0.45057889512656174,237.46819081480049
5481,0.45516180204054857,0.45516180204054857,236.38839508857527
5482,0.45912446889611075,0.45912446889611075,239.82644553063284
5483,0.45361180795417999,0.45361180795417999,234.89776617742012
5484,0.45978550547219549,0.45978550547219549,237.94829591017805
5485,0.4569027489578753,0.4569027489578753,236.9132097224487
5486,0.45583489880497263,0.45583489880497263,237.89323513164877
5487,0.45047254416825311,0.45047254416825311,235.73474532092769
5488,0.45472996470943128,0.45472996470943128,236.69902847828249
5489,0.45094119578354297,0.45094119578354297,233.08485005346597
5490,0.45299672455883899,0.45299672455883899,238.03786609496336
5491,0.45223172988279148,0.45223172988279148,235.86738681111856
5492,0.45659008710230975,0.45659008710230975,238.93058827802852
5493,0.45650480701534252,0.45650480701534252,238.2062327077675
5494,0.46472227088343587,0.46472227088343587,242.00731571247584
5495,0.45953197816887287,0.45953197816887287,239.96638857978959
5496,0.45683631582371709,0.45683631582371709,238.5181469913523
5497,0.45822153341608224,0.45822153341608224,236.47895923377115
5498,0.45872027152906591,0.45872027152906591,239.01103195461297
5499,0.46377117883079955,0.46377117883079955,238.89681738147766
5500,0.47379932017920867,0.47379932017920867,242.50249243279217
5501,0.4694036037263471,0.4694036037263471,241.60564626250485
5502,0.47412175307959181,0.47412175307959181,242.06378389534484
5503,0.46441101961014908,0.46441101961014908,240.08131153046816
5504,0.45660589035456595,0.45660589035456595,237.57123349859791
5505,0.47705047299995346,0.47705047299995346,244.41510995903209
5506,0.47794061763239137,0.47794061763239137,244.09646143448199
5507,0.47130868740554099,0.47130868740554099,239.94817324694549
5508,0.46687815973892483,0.46687815973892483,239.37313928243643
5509,0.46269103323371469,0.46269103323371469,238.69284419565292
5510,0.46649231518443451,0.46649231518443451,239.27389357565244
5511,0.4590888479516046,0.4590888479516046,235.2403934371419
5512,0.46251238702506808,0.46251238702506808,238.60122406568968
5513,0.4648424267294467,0.4648424267294467,240.09907555385317
5514,0.46435243336058463,0.46435243336058463,240.22154572755454
5515,0.46068391139880366,0.46068391139880366,240.4292536799307
5516,0.46282244476883266,0.46282244476883266,239.77942975991317
5517,0.46068320693481785,0.46068320693481785,240.2568999556629
5518,0.46081636603432302,0.46081636603432302,239.037190791314
5519,0.46394659078631284,0.46394659078631284,239.11174799314909
5520,0.43994422253205395,0.43994422253205395,227.78532902636471
5521,0.46107440418707296,0.46107440418707296,238.19762272427039
5522,0.4659456074336516,0.4659456074336516,241.10570456986071
5523,0.46207167923773385,0.46207167923773385,238.08427052896982
5524,0.46038562549963113,0.46038562549963113,238.78299487586656
5525,0.46754342892006295,0.46754342892006295,239.77942685423736
5526,0.45903585957663873,0.45903585957663873,238.04939359360188
5527,0.46472118075988594,0.46472118075988594,239.34818205038817
5528,0.46683225464454575,0.46683225464454575,242.80945830135448
5529,0.46127701282599165,0.46127701282599165,238.55411381767854
5530,0.45801810594869724,0.45801810594869724,236.53079196669614
5531,0.452793345867462,0.452793345867462,233.120863694148
5532,0.46726710918036263,0.46726710918036263,241.73523050526825
5533,0.46871119958574486,0.46871119958574486,241.40303647056862
5534,0.46161642142095838,0.46161642142095838,237.67935762547131
5535,0.45857469701247988,0.45857469701247988,237.86998933448859
5536,0.44966495121163036,0.44966495121163036,232.83167966201131
5537,0.45879285385130242,0.45879285385130242,237.11156687965905
5538,0.46338215842786168,0.46338215842786168,239.37899971526159
5539,0.46566335775212286,0.46566335775212286,243.08799021212522
5540,0.45636314879043105,0.45636314879043105,237.47321689881474
5541,0.45936078417336546,0.45936078417336546,236.93158630646775
5542,0.46290348087138045,0.46290348087138045,241.17922835247677
5543,0.46064617282037024,0.46064617282037024,238.84182156158371
5544,0.46052575492605241,0.46052575492605241,240.52918126224708
5545,0.46097655736294979,0.46097655736294979,240.20533710444124
5546,0.46268185847102516,0.46268185847102516,237.91170977071488
5547,0.46296785276681618,0.46296785276681618,237.22158296683324
5548,0.46176087699398849,0.46176087699398849,240.35123830228662
5549,0.46532315921128353,0.46532315921128353,238.50911953202072
5550,0.4565464561226813,0.4565464561226813,235.95745853349263
5551,0.4627609650859843,0.4627609650859843,239.03245279729816
5552,0.46230492081750452,0.46230492081750452,237.04744512679659
5553,0.46700780688434768,0.46700780688434768,238.89578115962269
5554,0.45986448915968747,0.45986448915968747,236.37509200822848
5555,0.45333201951516838,0.45333201951516838,235.33694782804756
5556,0.46758814281364885,0.46758814281364885,239.34380456958644
5557,0.46458206325024615,0.46458206325024615,239.23150816629558
5558,0.4642507167585106,0.4642507167585106,237.04254390133406
5559,0.47048700667462995,0.47048700667462995,238.95670153040146
5560,0.47176219922562179,0.47176219922562179,241.14380327948538
5561,0.45897676949833555,0.45897676949833555,236.13446888656068
5562,0.46671711148543354,0.46671711148543354,236.53789440043093
5563,0.46545521434367287,0.46545521434367287,239.23422711118559
5564,0.46254294559272513,0.46254294559272513,235.20542308610069
5565,0.47118373208047448,0.47118373208047448,239.1399605727955
5566,0.47358528497527769,0.47358528497527769,238.89536858053572
5567,0.47137746462362634,0.47137746462362634,236.91438147936779
5568,0.47485185147604031,0.47485185147604031,241.25013321999791
5569,0.46402976709156196,0.46402976709156196,235.48678086868296
5570,0.46001633276344434,0.46001633276344434,232.28989844533922
5571,0.45666595925945563,0.45666595925945563,233.50680020207065
5572,0.45246852045764963,0.45246852045764963,230.53946481056278
5573,0.45620685190211169,0.45620685190211169,232.34946817670851
5574,0.45273965878792871,0.45273965878792871,231.23750620549845
5575,0.45181373907470601,0.45181373907470601,233.58588363913594
5576,0.44966198061360368,0.44966198061360368,233.30997444017893
5577,0.4557120683358038,0.4557120683358038,237.63174814684436
5578,0.44819427343620288,0.44819427343620288,232.09979608102239
5579,0.45293178550936808,0.45293178550936808,235.33256786050433
5580,0.44216551637635637,0.44216551637635637,228.28098322220927
5581,0.45576368835881242,0.45576368835881242,235.94509779001402
5582,0.46044554708869911,0.46044554708869911,236.43500525758591
5583,0.45255969109768746,0.45255969109768746,232.38547433076556
5584,0.46226304204735191,0.46226304204735191,236.32855277655455
5585,0.46048279133560932,0.46048279133560932,235.73256394606216
5586,0.47356335735729144,0.47356335735729144,238.24192639774537
5587,0.4672612673743356,0.4672612673743356,237.01705069371036
5588,0.47128803914132256,0.47128803914132256,240.96683486523233
5589,0.45960714056237373,0.45960714056237373,238.01853102924082
5590,0.46251877595453567,0.46251877595453567,235.16023325566221
5591,0.46166241265205327,0.46166241265205327,237.53044136537247
5592,0.4574107322850976,0.4574107322850976,235.81695598543132
5593,0.46324415991564444,0.46324415991564444,237.18903365132792
5594,0.45354247738907583,0.45354247738907583,234.25465189008474
5595,0.45778257335296058,0.45778257335296058,235.97213235910158
5596,0.45755489696967666,0.45755489696967666,234.34819861351599
5597,0.45260033682473788,0.45260033682473788,234.69574993743427
5598,0.45397495762486645,0.45397495762486645,233.46238011212071
5599,0.44454642324554927,0.44454642324554927,230.02480133598274
5600,0.45337401335305899,0.45337401335305899,232.83927066992766
5601,0.44991039054135051,0.44991039054135051,230.6508848141662
5602,0.45471711929838465,0.45471711929838465,234.93368505693599
5603,0.45258311868599116,0.45258311868599116,231.70149603035117
5604,0.46603704845228577,0.46603704845228577,239.11253439365797
5605,0.46733250194743114,0.46733250194743114,237.91973633972776
5606,0.45603141404930997,0.45603141404930997,230.72654429604532
5607,0.45644220942731711,0.45644220942731711,234.82583076018358
5608,0.46095230694242828,0.46095230694242828,237.88742361213363
5609,0.45590321495095487,0.45590321495095487,237.2301711914086
5610,0.45119700138832186,0.45119700138832186,232.9768081215521
5611,0.44451347265683044,0.44451347265683044,233.59129960741083
5612,0.45348523703014559,0.45348523703014559,235.23009589264529
5613,0.45173138580968442,0.45173138580968442,234.27696006629645
5614,0.4417937726580613,0.4417937726580613,228.19287147779173
5615,0.45858110094645371,0.45858110094645371,237.16878645320648
5616,0.45610665080025586,0.45610665080025586,234.51319106574502
5617,0.45189893000711434,0.45189893000711434,235.45322153375636
5618,0.45259696182972603,0.45259696182972603,233.29451987103465
5619,0.45400370630697073,0.45400370630697073,233.0155114140544
5620,0.45605000426016007,0.45605000426016007,236.21841317320951
5621,0.45410589839779669,0.45410589839779669,234.67897624375945
5622,0.45456844287819409,0.45456844287819409,234.58599469259161
5623,0.45474634297930833,0.45474634297930833,234.83591263382846
5624,0.44008481280440959,0.44008481280440959,228.38545476374111
5625,0.45156072075096798,0.45156072075096798,231.66413491746775
5626,0.45351983010556418,0.45351983010556418,233.73786854835848
5627,0.45540469769072101,0.45540469769072101,235.0489489650077
5628,0.45129176084860534,0.45129176084860534,234.06368796011458
5629,0.44711615781820441,0.44711615781820441,230.79994804816297
5630,0.45731639959397086,0.45731639959397086,234.8063381515025
5631,0.45680719426844252,0.45680719426844252,234.68329212019384
5632,0.45752183379785727,0.45752183379785727,235.4886513593834
5633,0.45460018457302065,0.45460018457302065,232.03701841821572
5634,0.44761772898588814,0.44761772898588814,232.64735087765925
5635,0.45055832038986016,0.45055832038986016,235.06581575037916
5636,0.45781300332928565,0.45781300332928565,234.86656857846464
5637,0.4578227855126874,0.4578227855126874,235.34892458580038
5638,0.45488608256139562,0.45488608256139562,234.01682215970868
5639,0.46221085904387493,0.46221085904387493,237.875144647339
5640,0.46847536284962132,0.46847536284962132,240.2969615474189
5641,0.45296949769979439,0.45296949769979439,231.7488577400714
5642,0.46608103038749499,0.46608103038749499,239.62877969132265
5643,0.46481921175121999,0.46481921175121999,239.48372239180617
5644,0.45643133428156907,0.45643133428156907,236.18517165130947
5645,0.44825558598339449,0.44825558598339449,234.74528001938984
5646,0.4555065985579253,0.4555065985579253,236.29111177469812
5647,0.43658561075256586,0.43658561075256586,227.43659413037207
5648,0.44583468104156498,0.44583468104156498,234.47494388294891
5649,0.44568816886068613,0.44568816886068613,233.91838777205712
5650,0.45055855283946994,0.45055855283946994,234.86421458618037
5651,0.4541256050384323,0.4541256050384323,237.23138023150523
5652,0.45532025808595877,0.45532025808595877,236.53610289245526
5653,0.44729028944634008,0.44729028944634008,234.04167351485574
5654,0.45223348065591396,0.45223348065591396,234.33460843677034
5655,0.45102333071434081,0.45102333071434081,235.24496178901592
5656,0.45124808298484353,0.45124808298484353,235.69274144397022
5657,0.44109922274845809,0.44109922274845809,231.21964396782522
5658,0.44170381448995072,0.44170381448995072,231.48297593659217
5659,0.44270163824047409,0.44270163824047409,230.4625740587494
5660,0.44111261013608888,0.44111261013608888,230.94519679252471
5661,0.44477097189224024,0.44477097189224024,230.97044557945947
5662,0.44887794318444502,0.44887794318444502,232.3989473676599
5663,0.44789519018005358,0.44789519018005358,236.28706043088778
5664,0.44208225867534912,0.44208225867534912,231.33557819012339
5665,0.43710456190371527,0.43710456190371527,229.62269733518974
5666,0.44309372806778696,0.44309372806778696,232.22165056292678
5667,0.44880264035877071,0.44880264035877071,234.77290331288981
5668,0.44686722995433759,0.44686722995433759,233.67200663468421
5669,0.4429728437706677,0.4429728437706677,231.86321888378944
5670,0.44248780437064256,0.44248780437064256,233.78576189593247
5671,0.45517357446930645,0.45517357446930645,236.89946689728635
5672,0.45737237814042897,0.45737237814042897,236.47396589792862
5673,0.44511295127434974,0.44511295127434974,231.22390371292931
5674,0.45263925608631972,0.45263925608631972,235.58897476206175
5675,0.44541061996531894,0.44541061996531894,232.68774002596712
5676,0.44807269061136523,0.44807269061136523,233.53359629689209
5677,0.44862291482212885,0.44862291482212885,232.92002765992544
5678,0.4453970507348487,0.4453970507348487,232.83537451220664
5679,0.44710653656168364,0.44710653656168364,231.38928805601535
5680,0.4570622667174149,0.4570622667174149,234.98868467965605
5681,0.45911867254360406,0.45911867254360406,238.28924658473528
5682,0.46287079092215955,0.46287079092215955,237.32625123394851
5683,0.4512999001490387,0.4512999001490387,232.62834035955893
5684,0.44984072809510006,0.44984072809510006,235.13215168524749
5685,0.44698818943266899,0.44698818943266899,233.43016104768776
5686,0.43587174833445524,0.43587174833445524,227.54922903779979
5687,0.44604999634810172,0.44604999634810172,230.92577927597299
5688,0.45629179326504143,0.45629179326504143,234.51920312272387
5689,0.46106177107083185,0.46106177107083185,236.32917236849789
5690,0.45747301738518126,0.45747301738518126,233.7990291462724
5691,0.45086585912016447,0.45086585912016447,233.64970323785752
5692,0.45677539898219577,0.45677539898219577,235.96156237107871
5693,0.45090113184766417,0.45090113184766417,233.70338089632014
5694,0.4482911450398534,0.4482911450398534,231.93352496430157
5695,0.45167331037696207,0.45167331037696207,236.00332870304396
5696,0.46206588456536524,0.46206588456536524,238.03534878153877
5697,0.45997488113825807,0.45997488113825807,237.35499248479005
5698,0.4557336620240795,0.4557336620240795,235.1964299143346
5699,0.46254468298752904,0.46254468298752904,238.48978335475621
5700,0.45719536065589106,0.45719536065589106,237.60973325212143
5701,0.46389113856779102,0.46389113856779102,236.70797753449065
5702,0.4664642259347912,0.4664642259347912,239.21179613336957
5703,0.45850681317040642,0.45850681317040642,237.06162252513317
5704,0.44398767861831273,0.44398767861831273,229.94477721657944
5705,0.45351832384916191,0.45351832384916191,234.95242926279721
5706,0.44632615052536551,0.44632615052536551,234.66792442149594
5707,0.44921995175010448,0.44921995175010448,234.36720937246704
5708,0.45363202054368956,0.45363202054368956,234.44041490335752
5709,0.45559339437435531,0.45559339437435531,233.65322060986608
5710,0.45635507960310828,0.45635507960310828,234.90852767059278
5711,0.45612189058935187,0.45612189058935187,231.9565051861322
5712,0.45122156906226102,0.45122156906226102,233.85109990450277
5713,0.45331971974339835,0.45331971974339835,235.43284385589487
5714,0.45530807519413868,0.45530807519413868,235.19389378408383
5715,0.45562864316539553,0.45562864316539553,236.07587016357712
5716,0.45284462131082293,0.45284462131082293,235.25540850560839
5717,0.45002762515219558,0.45002762515219558,235.13630911758128
5718,0.44936233857884378,0.44936233857884378,233.04309471202563
5719,0.44974451454742592,0.44974451454742592,233.52469389661761
5720,0.44994313603645819,0.44994313603645819,230.49636832253327
5721,0.44738200135361222,0.44738200135361222,233.47784087174404
5722,0.45691779750777151,0.45691779750777151,235.7039874973706
5723,0.45559954294214339,0.45559954294214339,236.26121173690794
5724,0.44755749046125376,0.44755749046125376,228.31542271741105
5725,0.44602900093473236,0.44602900093473236,231.82107717509922
5726,0.4516395690249646,0.4516395690249646,233.16226575587152
5727,0.45119283949834055,0.45119283949834055,235.08332386874085
5728,0.44326504988159926,0.44326504988159926,229.17279193252671
5729,0.43625802151271936,0.43625802151271936,228.57052911263833
5730,0.44468332301130359,0.44468332301130359,231.59852875856086
5731,0.43818635572578896,0.43818635572578896,228.77532460682193
5732,0.44113463809719178,0.44113463809719178,228.69874275093289
5733,0.437394792021362,0.437394792021362,228.16380085478085
5734,0.44438241287395586,0.44438241287395586,231.25304484836451
5735,0.44768939637726551,0.44768939637726551,231.42706697231179
5736,0.44435093981080875,0.44435093981080875,228.06532609337427
5737,0.45070005103107036,0.45070005103107036,234.52887483199206
5738,0.45082228975388866,0.45082228975388866,231.38681908837538
5739,0.45145498049245347,0.45145498049245347,231.13973438156899
5740,0.4493552033396272,0.4493552033396272,232.50442451005347
5741,0.45358581390685748,0.45358581390685748,232.09036307447113
5742,0.46039068671812144,0.46039068671812144,236.26300587857941
5743,0.45796647750685987,0.45796647750685987,235.96956606780742
5744,0.45472112215727745,0.45472112215727745,231.74898249229636
5745,0.4449014176507407,0.4449014176507407,228.08439577638697
5746,0.46197821846249776,0.46197821846249776,235.91653774630413
5747,0.45740986513579002,0.45740986513579002,232.20574651802767
5748,0.44780679913042337,0.44780679913042337,229.15698085817243
5749,0.45842320918052393,0.45842320918052393,235.67067783447047
5750,0.45852745501926007,0.45852745501926007,234.01036603218671
5751,0.46148636678754834,0.46148636678754834,237.90615254280456
5752,0.45236878816383702,0.45236878816383702,233.84586261930707
5753,0.44253343849872995,0.44253343849872995,229.20556932106501
5754,0.45082968148229974,0.45082968148229974,231.21313140141379
5755,0.44971759184397636,0.44971759184397636,231.92078099237023
5756,0.45313047312974453,0.45313047312974453,233.573263257794
5757,0.44267914992938256,0.44267914992938256,229.22890962641077
5758,0.44830352616941455,0.44830352616941455,232.73181390966573
5759,0.44854629024843173,0.44854629024843173,230.86362538814814
5760,0.44593449602301199,0.44593449602301199,230.04111418187799
5761,0.4503135631769517,0.4503135631769517,233.01025201895499
5762,0.44256421065216217,0.44256421065216217,229.6141058135494
5763,0.44107841434085193,0.44107841434085193,230.73394116081195
5764,0.44471871221719328,0.44471871221719328,232.22139764537718
5765,0.44420761351973787,0.44420761351973787,229.58523745355743
5766,0.44792363532488438,0.44792363532488438,230.50298151726639
5767,0.45066382962966928,0.45066382962966928,234.41010001975164
5768,0.45669863357837981,0.45669863357837981,236.39596188073028
5769,0.44610170585321135,0.44610170585321135,232.11150756275168
5770,0.44505085358930696,0.44505085358930696,231.0744404164106
5771,0.44399411386183169,0.44399411386183169,229.22283956560494
5772,0.44785051628741773,0.44785051628741773,232.22632389255455
5773,0.44751104743403669,0.44751104743403669,235.23004841245893
5774,0.45343664563779101,0.45343664563779101,234.13490892377339
5775,0.44830362741266699,0.44830362741266699,232.09346983141668
5776,0.45205052479129665,0.45205052479129665,235.12257193193977
5777,0.45116609981528955,0.45116609981528955,233.5492247387661
5778,0.44386390020495969,0.44386390020495969,232.59464888903645
5779,0.45586585949917924,0.45586585949917924,235.47509404050703
5780,0.45841856366414346,0.45841856366414346,235.4307557429407
5781,0.45952683080584816,0.45952683080584816,235.59336451922832
5782,0.45912704983415098,0.45912704983415098,235.56374679002019
5783,0.46301690005136598,0.46301690005136598,238.3577401197046
5784,0.46561103583801666,0.46561103583801666,235.34406301212863
5785,0.46280066964886524,0.46280066964886524,237.14559176842369
5786,0.45528555457468051,0.45528555457468051,235.56097903821711
5787,0.45973797131218586,0.45973797131218586,234.94548043695977
5788,0.45624768679884981,0.45624768679884981,236.62915429752076
5789,0.45917832008355763,0.45917832008355763,236.31161137722583
5790,0.45870676510623093,0.45870676510623093,237.90787173694298
5791,0.45960420417319109,0.45960420417319109,238.6411396643206
5792,0.44796849954090157,0.44796849954090157,232.66531804942537
5793,0.45283935805782533,0.45283935805782533,234.31546502498378
5794,0.45853126725153148,0.45853126725153148,238.44969506841829
5795,0.45924300492286452,0.45924300492286452,234.93400303445486
5796,0.44770855093613393,0.44770855093613393,232.2896316315551
5797,0.44866932434962276,0.44866932434962276,235.14350707707609
5798,0.4403073129642614,0.4403073129642614,232.18362554975573
5799,0.44504342724817747,0.44504342724817747,230.95499215904584
5800,0.4492280699231822,0.4492280699231822,234.74352440745992
5801,0.45617722980895675,0.45617722980895675,235.28989784819774
5802,0.4522498962587817,0.4522498962587817,233.11314764024183
5803,0.45634307549634173,0.45634307549634173,234.80843583700897
5804,0.45732905508153021,0.45732905508153021,236.42640634917385
5805,0.45256321811286282,0.45256321811286282,235.26342586756095
5806,0.44907844690810395,0.44907844690810395,229.31429638705646
5807,0.45704769940766587,0.45704769940766587,235.88214276575633
5808,0.45900022225763754,0.45900022225763754,235.06161345315837
5809,0.45974192528586133,0.45974192528586133,236.26325784592981
5810,0.450784781485841,0.450784781485841,233.22353394145694
5811,0.4563526951104655,0.4563526951104655,231.00565883762096
5812,0.4581989664194287,0.4581989664194287,235.77203679278955
5813,0.4530439341225308,0.4530439341225308,231.45182426019173
5814,0.46199441238325434,0.46199441238325434,238.36179175173029
5815,0.44970461520011656,0.44970461520011656,234.0744323104368
5816,0.45464665336125687,0.45464665336125687,234.51813552592952
5817,0.43952223921747391,0.43952223921747391,228.82792695700763
5818,0.44963580737724917,0.44963580737724917,233.61319287949101
5819,0.45232157838437903,0.45232157838437903,232.41720103472693
5820,0.4528199841495012,0.4528199841495012,235.53371115540699
5821,0.45418844160802196,0.45418844160802196,235.722958395951
5822,0.43482656872869996,0.43482656872869996,226.1888735033661
5823,0.45283085721185767,0.45283085721185767,231.45259621519872
5824,0.46413593544545806,0.46413593544545806,237.27573196817471
5825,0.46413421538013211,0.46413421538013211,237.05536299775903
5826,0.46882164513942887,0.46882164513942887,238.62786228342324
5827,0.45891300478710217,0.45891300478710217,236.30663721348463
5828,0.45504420977271642,0.45504420977271642,236.18002168021658
5829,0.45284495910155476,0.45284495910155476,234.91321498418037
5830,0.45299269854061575,0.45299269854061575,236.56867899320369
5831,0.44656939061740469,0.44656939061740469,233.22172672973329
5832,0.44853298876657155,0.44853298876657155,235.07642748062608
5833,0.44574529139740432,0.44574529139740432,230.01204079830109
5834,0.44648185379312261,0.44648185379312261,231.97720346497704
5835,0.45310003875909183,0.45310003875909183,234.91137307051744
5836,0.44708277850746442,0.44708277850746442,231.78829330189257
5837,0.459236301766067,0.459236301766067,235.53428321773055
5838,0.44459316452981651,0.44459316452981651,231.04754759204826
5839,0.45070205914955264,0.45070205914955264,234.49511506632876
5840,0.44545334892659749,0.44545334892659749,231.61190078219684
5841,0.44682783400103609,0.44682783400103609,232.95896218270559
5842,0.45464676285355488,0.45464676285355488,233.29601945391065
5843,0.45772418997574682,0.45772418997574682,235.84694816252295
5844,0.45918089517677307,0.45918089517677307,236.41315544096906
5845,0.451935736919238,0.451935736919238,230.79964057620001
5846,0.46130896536001781,0.46130896536001781,237.86595870845258
5847,0.45916734101105022,0.45916734101105022,234.43922528479789
5848,0.46081988533212404,0.46081988533212404,234.84555425106396
5849,0.46049460041799506,0.46049460041799506,234.05440846306692
5850,0.45621838725817809,0.45621838725817809,234.63852674485719
5851,0.46309478689560946,0.46309478689560946,237.45795265447751
5852,0.45656894099193329,0.45656894099193329,233.00528729016349
5853,0.45100624955221347,0.45100624955221347,232.4002334615015
5854,0.44601805825935481,0.44601805825935481,230.35913847156945
5855,0.45132579108019416,0.45132579108019416,233.29716363907727
5856,0.44398608323556399,0.44398608323556399,229.02545864377362
5857,0.45746758126715931,0.45746758126715931,236.68703510691665
5858,0.45234507681746711,0.45234507681746711,234.20635446682689
5859,0.43836330818074221,0.43836330818074221,227.42393266030473
5860,0.4408032772017762,0.4408032772017762,227.28422569802296
5861,0.44250091337524999,0.44250091337524999,230.8794152728282
5862,0.44164164328528344,0.44164164328528344,230.09876705589221
5863,0.44323564298979995,0.44323564298979995,231.56805327085391
5864,0.44785411063961666,0.44785411063961666,231.51565892042541
5865,0.44151631879690906,0.44151631879690906,226.43873355810447
5866,0.44468082670074727,0.44468082670074727,230.71747696099902
5867,0.44068905259008478,0.44068905259008478,230.6465269414567
5868,0.43770811048882513,0.43770811048882513,228.57197614421483
5869,0.43225411830058114,0.43225411830058114,225.45023663851521
5870,0.42879595446932761,0.42879595446932761,222.58436749713587
5871,0.44159316075902344,0.44159316075902344,229.11778321735392
5872,0.44394533386424556,0.44394533386424556,230.7583565378921
5873,0.45080046286408171,0.45080046286408171,234.09872205969955
5874,0.44519200763820843,0.44519200763820843,232.03224107486736
5875,0.44973851963697181,0.44973851963697181,230.50703629148785
5876,0.44483591007577372,0.44483591007577372,230.53052296972231
5877,0.44533446709617702,0.44533446709617702,231.27132774568886
5878,0.44265303434441555,0.44265303434441555,230.69994311752234
5879,0.43974785747562495,0.43974785747562495,228.85829647904967
5880,0.45219747283799272,0.45219747283799272,233.82124095901668
5881,0.45154708610975752,0.45154708610975752,233.16122821523382
5882,0.44436619112487047,0.44436619112487047,229.43884034607868
5883,0.45367820021574801,0.45367820021574801,234.93683828007852
5884,0.44226831331646188,0.44226831331646188,229.51305596771402
5885,0.43341223371708548,0.43341223371708548,222.7802779529321
5886,0.44373084334887725,0.44373084334887725,228.98566031812356
5887,0.44414834111975815,0.44414834111975815,229.33860239462246
5888,0.43892350099069083,0.43892350099069083,228.79505778469348
5889,0.43618932118180903,0.43618932118180903,224.43369972139573
5890,0.44100948247809324,0.44100948247809324,228.73799502136157
5891,0.4365156888183927,0.4365156888183927,225.60230822335583
5892,0.4394506995136645,0.4394506995136645,228.45609922379185
5893,0.4422209874952,0.4422209874952,231.02283974914991
5894,0.44340002116926625,0.44340002116926625,230.41451716707252
5895,0.44445118316423715,0.44445118316423715,230.57897025532037
5896,0.43186312740792021,0.43186312740792021,225.31571906463591
5897,0.44399655932109328,0.44399655932109328,231.22796996826861
5898,0.43950025560545558,0.43950025560545558,230.46413479742404
5899,0.43788778751501428,0.43788778751501428,226.02420067749117
5900,0.44273620628866128,0.44273620628866128,229.00975675675704
5901,0.43588512366367665,0.43588512366367665,226.15050637911654
5902,0.4405277385183316,0.4405277385183316,229.6560029088655
5903,0.44117576145831494,0.44117576145831494,230.81813003488628
5904,0.44281765274973461,0.44281765274973461,231.5131682480353
5905,0.4466265575084945,0.4466265575084945,232.09108119429447
5906,0.44700780334877799,0.44700780334877799,233.77848628218084
5907,0.44082959964219726,0.44082959964219726,230.61252816988605
5908,0.44224779179635093,0.44224779179635093,228.83683429931065
5909,0.45007377794769787,0.45007377794769787,233.07586156558946
5910,0.45229719980795718,0.45229719980795718,234.75346842043047
5911,0.4494228602232031,0.4494228602232031,234.05854071767916
5912,0.44733762319274845,0.44733762319274845,231.54719824206813
5913,0.45233739656786065,0.45233739656786065,234.11130229477294
5914,0.45198826061059183,0.45198826061059183,232.12660114799436
5915,0.45005666592387117,0.45005666592387117,232.19773153268065
5916,0.44440507635415799,0.44440507635415799,228.59116208501945
5917,0.44650633587833699,0.44650633587833699,230.97042244802213
5918,0.45338090910971357,0.45338090910971357,233.44687857804334
5919,0.44138857026221051,0.44138857026221051,224.03436913132836
5920,0.44646694218376071,0.44646694218376071,226.73451600550229
5921,0.43790357798730256,0.43790357798730256,224.09472590919989
5922,0.4463457683359599,0.4463457683359599,229.23522807258936
5923,0.45258751051596624,0.45258751051596624,231.89137289977845
5924,0.43904198372051589,0.43904198372051589,225.52118614248667
5925,0.43634655997217342,0.43634655997217342,225.78402376744285
5926,0.42734699290257128,0.42734699290257128,221.16319204170586
5927,0.44173138769395759,0.44173138769395759,226.81857228559903
5928,0.44002068485317458,0.44002068485317458,227.26090654529997
5929,0.43490530838475283,0.43490530838475283,223.85942589155087
5930,0.44014485753813204,0.44014485753813204,226.10307717435199
5931,0.43426288521746681,0.43426288521746681,222.70359819651617
5932,0.44373262588494777,0.44373262588494777,223.4255830371275
5933,0.45389650469151699,0.45389650469151699,230.09197345456113
5934,0.45003537121535298,0.45003537121535298,228.71190345879222
5935,0.43991752643032511,0.43991752643032511,224.92555540899957
5936,0.43176707781854445,0.43176707781854445,223.94652532387826
5937,0.43550169683366968,0.43550169683366968,224.73832067323215
5938,0.43401775970313727,0.43401775970313727,224.42941831675125
5939,0.44745087174966852,0.44745087174966852,231.72285544255669
5940,0.43678853287924024,0.43678853287924024,225.86838990721608
5941,0.43941238924226839,0.43941238924226839,228.36369405763844
5942,0.43494544344301789,0.43494544344301789,225.73714181257043
5943,0.43898722304423121,0.43898722304423121,227.56554578945824
5944,0.43641172102056469,0.43641172102056469,226.87631581316833
5945,0.42713409257914836,0.42713409257914836,224.23659274141619
5946,0.42515487509636396,0.42515487509636396,221.73761687021533
5947,0.43630967763857276,0.43630967763857276,225.50023915190837
5948,0.44097835496024834,0.44097835496024834,227.43800200225169
5949,0.45092850000346196,0.45092850000346196,230.65679022357426
5950,0.44786891293862485,0.44786891293862485,228.61118825940903
5951,0.44729765325879151,0.44729765325879151,227.55625145864596
5952,0.45385713557784502,0.45385713557784502,230.1855040979836
5953,0.45481846418655064,0.45481846418655064,230.23359881443184
5954,0.45008814010802267,0.45008814010802267,231.28436660162825
5955,0.45102117441411771,0.45102117441411771,231.06395172400866
5956,0.45647686438747054,0.45647686438747054,232.01625581792368
5957,0.45432692875851632,0.45432692875851632,234.71495099897055
5958,0.43752855173246513,0.43752855173246513,225.05037099288
5959,0.43803789175368413,0.43803789175368413,226.22348987134606
5960,0.44720998141927171,0.44720998141927171,230.78256401083854
5961,0.4464416066012008,0.4464416066012008,232.16035493084263
5962,0.44681707651402541,0.44681707651402541,229.85536986240277
5963,0.44399944386738011,0.44399944386738011,228.9167300351111
5964,0.42986294425456573,0.42986294425456573,220.52893462883813
5965,0.44214208897501406,0.44214208897501406,227.56032496225262
5966,0.4484877359228257,0.4484877359228257,230.30339384845624
5967,0.44304488746284959,0.44304488746284959,227.93500433777703
5968,0.45036451741119549,0.45036451741119549,231.2017960910934
5969,0.44439911511303587,0.44439911511303587,229.42856802577217
5970,0.45154262277930607,0.45154262277930607,232.3143210734373
5971,0.44349931877085069,0.44349931877085069,227.69134232513983
5972,0.45028641241903233,0.45028641241903233,230.56608447132641
5973,0.45789239017650224,0.45789239017650224,231.54759435097208
5974,0.44751672809102078,0.44751672809102078,230.08820819189449
5975,0.45429865482438209,0.45429865482438209,230.53822337756054
5976,0.4479293998410766,0.4479293998410766,229.67282047441887
5977,0.44997690039378335,0.44997690039378335,233.51115717106558
5978,0.44829686215237696,0.44829686215237696,232.14180542892041
5979,0.44524399836316375,0.44524399836316375,231.75021998856386
5980,0.43561951304781948,0.43561951304781948,225.403688482109
5981,0.43897107827696108,0.43897107827696108,226.01268430444065
5982,0.44050437472784532,0.44050437472784532,225.08267141869987
5983,0.45158047516438221,0.45158047516438221,232.95310690355191
5984,0.44047141264620204,0.44047141264620204,229.78140665518691
5985,0.44496695596640723,0.44496695596640723,229.38633416676953
5986,0.45746500964283954,0.45746500964283954,233.13283352409945
5987,0.46003129860319075,0.46003129860319075,232.01365517721078
5988,0.46439777755735323,0.46439777755735323,235.52171134501523
5989,0.4663913321691906,0.4663913321691906,235.24597913560129
5990,0.46086156685752699,0.46086156685752699,234.46286230439426
5991,0.46186002613482485,0.46186002613482485,235.8734353165907
5992,0.4579954275508924,0.4579954275508924,233.7327587343193
5993,0.45723314688407413,0.45723314688407413,234.9640763874435
5994,0.45563619267875638,0.45563619267875638,232.40982849477905
5995,0.45277811192332784,0.45277811192332784,234.43005034027692
5996,0.44527311590052754,0.44527311590052754,229.58225823469638
5997,0.44381602438352996,0.44381602438352996,228.60365454244456
5998,0.43833482634307908,0.43833482634307908,225.69378241242867
5999,0.43795254691293301,0.43795254691293301,227.32276303209852
6000,0.45904525034197663,0.45904525034197663,234.51538003768641
6001,0.45917264422566528,0.45917264422566528,235.05801176762665
6002,0.45565848995598801,0.45565848995598801,234.1172354607483
6003,0.45729815123775824,0.45729815123775824,231.56088659205133
6004,0.46494180091141313,0.46494180091141313,235.66512879731081
6005,0.46056284481305687,0.46056284481305687,236.10521909439507
6006,0.44465807892422182,0.44465807892422182,227.83685686277036
6007,0.45493475855144405,0.45493475855144405,234.18237561920333
6008,0.44358716875797732,0.44358716875797732,229.91880129847829
6009,0.43962705406253721,0.43962705406253721,229.22200734843591
6010,0.44025580495153527,0.44025580495153527,228.71673751866371
6011,0.44085781551734426,0.44085781551734426,228.89740093401306
6012,0.43932702638820631,0.43932702638820631,229.10016737800007
6013,0.43645757830374671,0.43645757830374671,227.23652908280502
6014,0.43974733637255198,0.43974733637255198,230.69336051659371
6015,0.44504718706659024,0.44504718706659024,231.82083045772319
6016,0.4410252836650283,0.4410252836650283,230.4421471821081
6017,0.44477303436947596,0.44477303436947596,230.60056373530233
6018,0.44290342613891226,0.44290342613891226,230.08129122976803
6019,0.4371286681644852,0.4371286681644852,228.97413161874292
6020,0.4551470521035898,0.4551470521035898,233.04638358467736
6021,0.45012159767692939,0.45012159767692939,232.02492192970081
6022,0.44111601238750869,0.44111601238750869,229.36189133557218
6023,0.43941427726564869,0.43941427726564869,229.80490277805319
6024,0.44676185287962233,0.44676185287962233,230.49115083028414
6025,0.45052695685324906,0.45052695685324906,229.43601339161515
6026,0.4485605563497897,0.4485605563497897,230.3216292318661
6027,0.44755605914820895,0.44755605914820895,232.16183538580154
6028,0.44962913033563423,0.44962913033563423,230.58208994412161
6029,0.44906101108149504,0.44906101108149504,231.51262590752748
6030,0.44271644082937078,0.44271644082937078,230.80553673719959
6031,0.45067943723011822,0.45067943723011822,229.80822445338254
6032,0.44906241497346944,0.44906241497346944,230.63875755674403
6033,0.45023465371738913,0.45023465371738913,230.05510418506037
6034,0.45335415652990652,0.45335415652990652,231.35971556010864
6035,0.4544541467543744,0.4544541467543744,231.30789743897276
6036,0.44730818072329981,0.44730818072329981,230.71594105687444
6037,0.44742666766094474,0.44742666766094474,231.07700060885458
6038,0.44938276292515661,0.44938276292515661,230.58781154209856
6039,0.44199346314953336,0.44199346314953336,227.24516289572711
6040,0.44700653919392364,0.44700653919392364,230.57799187902043
6041,0.44505494693765213,0.44505494693765213,229.61499326506095
6042,0.45549457515513891,0.45549457515513891,234.9405049623752
6043,0.45433301442345109,0.45433301442345109,230.92121634097111
6044,0.44082039709681081,0.44082039709681081,228.87691528786166
6045,0.44363788570873774,0.44363788570873774,227.5421690259171
6046,0.44721848733995423,0.44721848733995423,226.28134160357345
6047,0.44556049033231399,0.44556049033231399,227.78531754795321
6048,0.45600306133230079,0.45600306133230079,232.38562103332373
6049,0.45751475612372133,0.45751475612372133,232.6267659240782
6050,0.45716352906356406,0.45716352906356406,232.55365584303473
6051,0.45411042538339796,0.45411042538339796,229.98844538109205
6052,0.456639384925415,0.456639384925415,232.79536545612524
6053,0.44634708506597287,0.44634708506597287,227.65501272963925
6054,0.44789757841840644,0.44789757841840644,230.28280719934281
6055,0.4362374938820282,0.4362374938820282,226.08614076311756
6056,0.44207181118251987,0.44207181118251987,227.45631381466131
6057,0.44532708674127014,0.44532708674127014,229.54063266700419
6058,0.44391740511678951,0.44391740511678951,228.33429578033065
6059,0.44758389906448509,0.44758389906448509,230.52565736154367
6060,0.4496938698995378,0.4496938698995378,229.0546475125015
6061,0.45455165227954969,0.45455165227954969,232.69737929360909
6062,0.45239290809187471,0.45239290809187471,232.10621981869477
6063,0.4538815599339685,0.4538815599339685,230.12190169497188
6064,0.44267279754829697,0.44267279754829697,227.40818945430297
6065,0.45702882768834485,0.45702882768834485,234.58896808020071
6066,0.45119728205384213,0.45119728205384213,229.53334911693847
6067,0.45241070031254677,0.45241070031254677,233.95296734339618
6068,0.44950521041889369,0.44950521041889369,230.03546752758666
6069,0.44567549000589546,0.44567549000589546,229.03234137902254
6070,0.45186029395232935,0.45186029395232935,232.84649286220991
6071,0.44139194108603919,0.44139194108603919,229.53035588479003
6072,0.4486926492654108,0.4486926492654108,229.54518166865591
6073,0.44490535099127282,0.44490535099127282,228.22835345128979
6074,0.44865194001045194,0.44865194001045194,229.81154111019595
6075,0.44446417133122756,0.44446417133122756,226.9131676742104
6076,0.44952012246746065,0.44952012246746065,229.82788841538519
6077,0.43557297368946041,0.43557297368946041,220.69608572671967
6078,0.45184494527754904,0.45184494527754904,231.46469090439882
6079,0.45904737047528021,0.45904737047528021,232.346076918168
6080,0.45915450816666342,0.45915450816666342,232.88899391446776
6081,0.44747211935257952,0.44747211935257952,230.61649089827674
6082,0.45103883592866989,0.45103883592866989,230.9356075538326
6083,0.44901486386782824,0.44901486386782824,230.89745600655687
6084,0.44843768252796129,0.44843768252796129,230.79269530995271
6085,0.45327778252145079,0.45327778252145079,233.53436086055103
6086,0.44724951430143339,0.44724951430143339,227.00748771987429
6087,0.45479970098048678,0.45479970098048678,234.14509915993693
6088,0.44881864530480142,0.44881864530480142,229.32828214196815
6089,0.45163975354798441,0.45163975354798441,228.08705754473368
6090,0.46048508908263974,0.46048508908263974,231.03416859588046
6091,0.45310844100019548,0.45310844100019548,228.46652251944178
6092,0.46610327268395108,0.46610327268395108,234.57166325078407
6093,0.46336781957355716,0.46336781957355716,232.66017592106041
6094,0.46047308115343111,0.46047308115343111,233.00172502811333
6095,0.45745480225504398,0.45745480225504398,232.31091352961002
6096,0.45623540599541723,0.45623540599541723,233.84200339831932
6097,0.44554144118374028,0.44554144118374028,229.92008248084076
6098,0.43859751674083974,0.43859751674083974,224.57958683566707
6099,0.45269370748379112,0.45269370748379112,230.32327262058567
6100,0.44392411145249866,0.44392411145249866,226.42741563336145
6101,0.45020231669660982,0.45020231669660982,231.14687799174885
6102,0.45363461959961454,0.45363461959961454,231.31695486552948
6103,0.45151269145834111,0.45151269145834111,231.34648628231253
6104,0.45041161234822075,0.45041161234822075,229.0209024804586
6105,0.44399712190308627,0.44399712190308627,224.69281256879557
6106,0.45606093812502602,0.45606093812502602,230.39008310879294
6107,0.45380342190454998,0.45380342190454998,230.6145107791765
6108,0.4487971384389281,0.4487971384389281,229.01606108572167
6109,0.43854271832006636,0.43854271832006636,224.69129206692554
6110,0.44479382065387973,0.44479382065387973,227.70750116153613
6111,0.44479646157546426,0.44479646157546426,229.73754045897437
6112,0.44485992681669667,0.44485992681669667,227.50196479403616
6113,0.44723921676815709,0.44723921676815709,228.42813109381626
6114,0.44841536912227031,0.44841536912227031,229.82233928685778
6115,0.44341122661216703,0.44341122661216703,227.51625279010696
6116,0.44509053540891019,0.44509053540891019,229.49445621227932
6117,0.443160394722314,0.443160394722314,228.72584460212565
6118,0.43070532495519825,0.43070532495519825,222.58077704023395
6119,0.44366926566123122,0.44366926566123122,228.59638773460588
6120,0.43956341953226508,0.43956341953226508,226.4862324382581
6121,0.44604281836993237,0.44604281836993237,228.32987783037629
6122,0.448597643047702,0.448597643047702,229.18343380276974
6123,0.45213198024900814,0.45213198024900814,229.52902285007175
6124,0.44782800376485765,0.44782800376485765,226.15913886924108
6125,0.45078852436162437,0.45078852436162437,230.01096975164478
6126,0.45325379682039069,0.45325379682039069,229.01102908655145
6127,0.4540863283453257,0.4540863283453257,230.65623169421193
6128,0.45436560009606558,0.45436560009606558,228.55807738742186
6129,0.45840062083919592,0.45840062083919592,229.0467490150707
6130,0.46322333328889131,0.46322333328889131,233.74763411979606
6131,0.46393010571271531,0.46393010571271531,231.62196001640422
6132,0.46341732552559983,0.46341732552559983,232.70568872281402
6133,0.4583015898748693,0.4583015898748693,229.44160204384588
6134,0.45553685752129225,0.45553685752129225,230.18640539235167
6135,0.4590325519020973,0.4590325519020973,230.89868035746363
6136,0.44639755467226871,0.44639755467226871,223.72820401945484
6137,0.45035021898902966,0.45035021898902966,230.52357557757313
6138,0.45655118285851282,0.45655118285851282,229.0326491962829
6139,0.44893560174173802,0.44893560174173802,226.46561493964063
6140,0.4579966331459997,0.4579966331459997,234.19723744149434
6141,0.45125390970569323,0.45125390970569323,229.59893457339768
6142,0.46109212233090585,0.46109212233090585,235.06733676002756
6143,0.45219611060947862,0.45219611060947862,229.38731517211582
6144,0.44209735191963501,0.44209735191963501,225.26174466158167
6145,0.44696573767176162,0.44696573767176162,228.93912825040312
6146,0.43730225658706406,0.43730225658706406,223.17366898364912
6147,0.44285805395660416,0.44285805395660416,225.81665225406036
6148,0.44074551088921848,0.44074551088921848,225.8208844495345
6149,0.44753828510485566,0.44753828510485566,227.60738034415854
6150,0.42894559135857663,0.42894559135857663,222.04321843789475
6151,0.45158167428203927,0.45158167428203927,230.52801637390832
6152,0.44480038523231158,0.44480038523231158,229.88796944389597
6153,0.44901296192944845,0.44901296192944845,230.02954916138395
6154,0.44611164236667766,0.44611164236667766,231.78969923099453
6155,0.45234420714083889,0.45234420714083889,229.62416142498017
6156,0.4461623746613097,0.4461623746613097,228.70058878908631
6157,0.44326926616598722,0.44326926616598722,225.74766192088674
6158,0.44870884286260593,0.44870884286260593,229.64193985904257
6159,0.44706905902008465,0.44706905902008465,228.48523133874923
6160,0.4485466961168692,0.4485466961168692,229.2870417329726
6161,0.45262791232373784,0.45262791232373784,230.98421892316918
6162,0.44220751416945331,0.44220751416945331,227.01638340119212
6163,0.4497143221010852,0.4497143221010852,229.72251403532718
6164,0.45139089911919228,0.45139089911919228,230.85051936059781
6165,0.43723310081943606,0.43723310081943606,226.28593626169345
6166,0.44319764842537257,0.44319764842537257,228.30815127785689
6167,0.44816315889927189,0.44816315889927189,231.13304608266532
6168,0.44994217263445957,0.44994217263445957,231.32068267762875
6169,0.44882366487271241,0.44882366487271241,229.1510362021846
6170,0.44996168509880086,0.44996168509880086,228.67179976740698
6171,0.448771062100562,0.448771062100562,230.43780285099825
6172,0.44331806728810169,0.44331806728810169,226.57111651221916
6173,0.44957562534903256,0.44957562534903256,228.89926250722064
6174,0.44021932781284556,0.44021932781284556,228.60294272925472
6175,0.44900237143212796,0.44900237143212796,230.21442992605452
6176,0.45693301533678898,0.45693301533678898,232.25166758700107
6177,0.45597510618285109,0.45597510618285109,231.55777824714815
6178,0.45879388832871043,0.45879388832871043,231.23299807556046
6179,0.45513644454967056,0.45513644454967056,231.71570837900444
6180,0.4593944264938491,0.4593944264938491,233.2906220273166
6181,0.4566921908129119,0.4566921908129119,231.66821390048091
6182,0.45892284951791956,0.45892284951791956,233.97910670243519
6183,0.4595110059851778,0.4595110059851778,234.83387181641655
6184,0.46100105758101123,0.46100105758101123,235.78432518100354
6185,0.45968622683777055,0.45968622683777055,232.52722937563763
6186,0.45270064532139997,0.45270064532139997,230.78131256463084
6187,0.46202997251348971,0.46202997251348971,235.18778447127116
6188,0.45023800537127023,0.45023800537127023,229.75102970655698
6189,0.45580947043539288,0.45580947043539288,230.38960252084158
6190,0.4610032855300002,0.4610032855300002,234.8265060442954
6191,0.46423635628332616,0.46423635628332616,234.39018772300582
6192,0.46631685172797299,0.46631685172797299,232.64299250771643
6193,0.46138151767621344,0.46138151767621344,234.72905113804535
6194,0.46580685950744971,0.46580685950744971,235.84950165507661
6195,0.4592812324880472,0.4592812324880472,234.89404157161607
6196,0.44965547667281064,0.44965547667281064,229.43021980923191
6197,0.46223072820277633,0.46223072820277633,235.64046507213408
6198,0.45048639634003329,0.45048639634003329,231.57039827226413
6199,0.44192121491072528,0.44192121491072528,224.57910746307635
6200,0.44431441729576493,0.44431441729576493,231.28659999647397
6201,0.44752625390706713,0.44752625390706713,232.23682762224334
6202,0.44455987559850108,0.44455987559850108,230.19744897189904
6203,0.45130851136536787,0.45130851136536787,232.67110810477124
6204,0.4424523734788024,0.4424523734788024,228.803018588725
6205,0.44847734680635221,0.44847734680635221,229.96339675909431
6206,0.44521117350435102,0.44521117350435102,229.60968973720574
6207,0.44957669151412311,0.44957669151412311,229.95380775643935
6208,0.43842522611039592,0.43842522611039592,225.36156552230142
6209,0.45354042490725233,0.45354042490725233,231.1813611840781
6210,0.44981855332937143,0.44981855332937143,231.32277269946411
6211,0.46010928975375293,0.46010928975375293,232.85763050075366
6212,0.4610029162953258,0.4610029162953258,234.00538918844239
6213,0.46238003473087802,0.46238003473087802,233.18256178518396
6214,0.46211293648593077,0.46211293648593077,233.59216672535808
6215,0.45967442434623118,0.45967442434623118,231.91031714735374
6216,0.44993385722553692,0.44993385722553692,230.89452075830582
6217,0.44953654207231342,0.44953654207231342,229.59658749276423
6218,0.45507329856029638,0.45507329856029638,232.77040421081014
6219,0.4511401998725601,0.4511401998725601,232.96000160151002
6220,0.44744823959545954,0.44744823959545954,229.99521121830995
6221,0.44676699293174044,0.44676699293174044,228.19514906648897
6222,0.44129198808975617,0.44129198808975617,227.66947774512272
6223,0.43406399962391823,0.43406399962391823,223.79170520492613
6224,0.43968725717757617,0.43968725717757617,226.62643419859387
6225,0.44343491228316062,0.44343491228316062,227.1879272106151
6226,0.44659531099004568,0.44659531099004568,229.95271852661941
6227,0.43926383080795262,0.43926383080795262,225.27334197239617
6228,0.43669268744226164,0.43669268744226164,224.18319292903197
6229,0.44506907699206988,0.44506907699206988,230.8106754127304
6230,0.43587783874486929,0.43587783874486929,223.09661277050435
6231,0.42957063895920866,0.42957063895920866,222.07789016700477
6232,0.4355605231514309,0.4355605231514309,226.75014880647259
6233,0.42639693200817935,0.42639693200817935,221.6590339061423
6234,0.44151718779138893,0.44151718779138893,228.51735769548432
6235,0.43009387990021891,0.43009387990021891,222.17039767709156
6236,0.43713864760965226,0.43713864760965226,225.01788614939431
6237,0.44225490614682955,0.44225490614682955,226.97180341804165
6238,0.44197221172262874,0.44197221172262874,226.59225296519662
6239,0.43635584663606375,0.43635584663606375,228.07891322225777
6240,0.44752181265882945,0.44752181265882945,230.52865971523724
6241,0.44895622745775654,0.44895622745775654,230.65278678615618
6242,0.45972710871039124,0.45972710871039124,233.19282978865195
6243,0.45460761979608344,0.45460761979608344,230.93879913388042
6244,0.44661671491449428,0.44661671491449428,227.07462126836859
6245,0.45828092006379262,0.45828092006379262,233.18088998049529
6246,0.44680752562612247,0.44680752562612247,226.30120211470322
6247,0.45922046837862796,0.45922046837862796,233.41800341331563
6248,0.4596151209321529,0.4596151209321529,232.9931031377117
6249,0.45014467550267739,0.45014467550267739,228.83954012619384
6250,0.45997939229966683,0.45997939229966683,232.9698745644715
6251,0.45438456316515008,0.45438456316515008,231.42310849054192
6252,0.45335398291414097,0.45335398291414097,230.07670649458754
6253,0.46025796035365402,0.46025796035365402,231.06973133865728
6254,0.45775031775880548,0.45775031775880548,231.7250203357336
6255,0.45190359955001991,0.45190359955001991,228.70224560809129
6256,0.45327788366318533,0.45327788366318533,229.76399979798899
6257,0.44991994499694127,0.44991994499694127,231.10698389972686
6258,0.44983170385587457,0.44983170385587457,230.7278890524488
6259,0.45004919806389942,0.45004919806389942,230.73863879523083
6260,0.44582922021597132,0.44582922021597132,228.8019566966781
6261,0.42987785462426692,0.42987785462426692,222.84656635420043
6262,0.44034054622765978,0.44034054622765978,225.5254796906078
6263,0.44473642126421875,0.44473642126421875,228.21811041440878
6264,0.44305701431448063,0.44305701431448063,226.10149923387857
6265,0.43889658110835478,0.43889658110835478,224.73552863843128
6266,0.43824894467955877,0.43824894467955877,225.9490223008896
6267,0.43101740407131162,0.43101740407131162,223.06547242795008
6268,0.42734425551237704,0.42734425551237704,222.85263604892529
6269,0.43115172753809661,0.43115172753809661,224.50097472611259
6270,0.42981146482419463,0.42981146482419463,225.94855146967893
6271,0.42851786540849968,0.42851786540849968,223.21634842588438
6272,0.43392439443288866,0.43392439443288866,228.18363910778402
6273,0.42564712632442836,0.42564712632442836,223.68433458003648
6274,0.43128411730421978,0.43128411730421978,225.60189716365829
6275,0.42558758056158724,0.42558758056158724,221.03486673172475
6276,0.42308570379578853,0.42308570379578853,223.2728918909585
6277,0.42423739405295635,0.42423739405295635,223.64580596347196
6278,0.42967769229769831,0.42967769229769831,224.46081445437954
6279,0.43446686252966582,0.43446686252966582,226.20239509058561
6280,0.43831037174334037,0.43831037174334037,226.38423922354613
6281,0.43149082901690844,0.43149082901690844,224.28761070124679
6282,0.44486192429978155,0.44486192429978155,228.89847726075033
6283,0.43478142638497352,0.43478142638497352,224.07514044861804
6284,0.44046445880076063,0.44046445880076063,227.02368149546402
6285,0.44537350132054476,0.44537350132054476,228.31027189331024
6286,0.42990840454936385,0.42990840454936385,223.0305328602044
6287,0.43957504572661926,0.43957504572661926,227.52944906167627
6288,0.43006299523379476,0.43006299523379476,224.2295130740757
6289,0.42974982769790804,0.42974982769790804,222.03509140864361
6290,0.44180575004593747,0.44180575004593747,226.46987239043219
6291,0.42303275106317939,0.42303275106317939,221.54074480045341
6292,0.42675718062291679,0.42675718062291679,223.1479820281973
6293,0.43965469658332201,0.43965469658332201,227.65176522597781
6294,0.43547372273809187,0.43547372273809187,227.51545464269969
6295,0.44256124913435108,0.44256124913435108,228.2953235382497
6296,0.44033923668455993,0.44033923668455993,228.11035677356887
6297,0.43048039363031565,0.43048039363031565,222.29676139827157
6298,0.43272257480391019,0.43272257480391019,226.55197539483706
6299,0.43492729841051025,0.43492729841051025,226.33416808631856
6300,0.42716916819163275,0.42716916819163275,223.7233860324101
6301,0.43649643322442849,0.43649643322442849,226.5486103578117
6302,0.4330766870821311,0.4330766870821311,225.70913199215116
6303,0.43126506884396731,0.43126506884396731,224.87765811785297
6304,0.43778835646836417,0.43778835646836417,226.45212253521282
6305,0.4369655166993649,0.4369655166993649,228.04441770647935
6306,0.43512398999888341,0.43512398999888341,225.02422020335212
6307,0.44338109247250734,0.44338109247250734,229.1801908817271
6308,0.43718917291675752,0.43718917291675752,225.23528071855571
6309,0.43994150095759404,0.43994150095759404,225.49499929081489
6310,0.43833545562173593,0.43833545562173593,227.16218652929464
6311,0.44199753298299438,0.44199753298299438,228.29036667734471
6312,0.44185294648195211,0.44185294648195211,231.43933562580224
6313,0.44112993174546133,0.44112993174546133,225.7788513805811
6314,0.43948233276102205,0.43948233276102205,225.94362501528448
6315,0.44397516320988695,0.44397516320988695,226.93134965904977
6316,0.43456925447810779,0.43456925447810779,226.36189446562486
6317,0.43262207871247044,0.43262207871247044,225.1617556515867
6318,0.43830726566739536,0.43830726566739536,226.05921084729238
6319,0.44006177557857173,0.44006177557857173,226.77400373665736
6320,0.44005000275370126,0.44005000275370126,226.13860010336242
6321,0.43930472006662546,0.43930472006662546,227.03664492442886
6322,0.44563475445740763,0.44563475445740763,228.98315501206289
6323,0.44601272937393677,0.44601272937393677,227.58640435419701
6324,0.45253677141731535,0.45253677141731535,231.13630778929786
6325,0.44368307265132473,0.44368307265132473,226.98382716765406
6326,0.45014647396412866,0.45014647396412866,227.99463663183232
6327,0.45037611210253498,0.45037611210253498,229.85909452958964
6328,0.45710324093239285,0.45710324093239285,231.71483293583725
6329,0.45551826321248362,0.45551826321248362,230.437235677969
6330,0.45421456516224989,0.45421456516224989,230.9969208582695
6331,0.43931088913379002,0.43931088913379002,226.94469373968749
6332,0.445023604785594,0.445023604785594,227.7525951390005
6333,0.44345496416913238,0.44345496416913238,228.69865593909748
6334,0.43877518068610477,0.43877518068610477,226.63028960227763
6335,0.43729960231214021,0.43729960231214021,225.44521393935241
6336,0.44411500518315294,0.44411500518315294,228.00914379336496
6337,0.44245677793504579,0.44245677793504579,227.82344568158447
6338,0.43034371665079291,0.43034371665079291,220.97491260752403
6339,0.43163232227701187,0.43163232227701187,223.93967168463161
6340,0.43404354002290529,0.43404354002290529,225.04934006877315
6341,0.42877323434226994,0.42877323434226994,222.20814750708919
6342,0.44054421286984075,0.44054421286984075,225.35694472644295
6343,0.43324666821634122,0.43324666821634122,223.61291602822658
6344,0.42394519158050964,0.42394519158050964,219.9474469064904
6345,0.42606143363825816,0.42606143363825816,222.93561419691605
6346,0.43093952332940433,0.43093952332940433,224.82947284939451
6347,0.42414376462565251,0.42414376462565251,221.69201421792059
6348,0.43714780321129815,0.43714780321129815,226.06436491093123
6349,0.43556377380164835,0.43556377380164835,225.37678720611174
6350,0.4331182507158754,0.4331182507158754,222.76300449573699
6351,0.44135977761233969,0.44135977761233969,227.71229224732474
6352,0.42813830108764589,0.42813830108764589,223.81875987924431
6353,0.43524489980680886,0.43524489980680886,227.37852969738623
6354,0.43099515134467437,0.43099515134467437,222.09273614353688
6355,0.44448289642964589,0.44448289642964589,230.6434017256625
6356,0.43677737920129289,0.43677737920129289,226.30017365987487
6357,0.43873115483270453,0.43873115483270453,227.61932668622256
6358,0.44206995053765824,0.44206995053765824,229.5940210349344
6359,0.42506057044443368,0.42506057044443368,222.07566091967752
6360,0.44139891089308747,0.44139891089308747,228.21397539325579
6361,0.43155162864427804,0.43155162864427804,224.75976494289498
6362,0.4267413054755787,0.4267413054755787,221.65717900622718
6363,0.43743501535618823,0.43743501535618823,224.68535687514122
6364,0.43898103720859627,0.43898103720859627,224.49312225137055
6365,0.4405431796283949,0.4405431796283949,227.54409278961521
6366,0.44015453278768196,0.44015453278768196,226.59677871875624
6367,0.44086545759774048,0.44086545759774048,227.44878585852956
6368,0.44170890321400513,0.44170890321400513,226.44865263295605
6369,0.43621073992766812,0.43621073992766812,225.59861160314381
6370,0.43175618525069676,0.43175618525069676,222.89341747927241
6371,0.44072418716184797,0.44072418716184797,226.23150432367476
6372,0.42810151268018892,0.42810151268018892,222.70688312597335
6373,0.43668137951234642,0.43668137951234642,224.35917770738416
6374,0.42867713032133725,0.42867713032133725,222.41796682424783
6375,0.42722591078286259,0.42722591078286259,220.61453925810937
6376,0.42605117074960769,0.42605117074960769,220.99449122578966
6377,0.43048086752120207,0.43048086752120207,221.78881299267877
6378,0.43944729619252598,0.43944729619252598,228.34112233068112
6379,0.43566599720683852,0.43566599720683852,225.09027751100075
6380,0.44250340278239159,0.44250340278239159,228.91360832978071
6381,0.4350893050184208,0.4350893050184208,225.29909996696477
6382,0.43974674708742628,0.43974674708742628,228.18695137481873
6383,0.42572470830052317,0.42572470830052317,219.88819749798796
6384,0.43062890226696393,0.43062890226696393,223.65042652118322
6385,0.43569458077523154,0.43569458077523154,226.87003884262327
6386,0.43461081157643322,0.43461081157643322,226.00953335351284
6387,0.44174550035578514,0.44174550035578514,229.96469109229088
6388,0.43038156445392106,0.43038156445392106,224.22828138530613
6389,0.43294513790522327,0.43294513790522327,226.38184443244307
6390,0.42958670239672897,0.42958670239672897,224.04048495047968
6391,0.43629195882795829,0.43629195882795829,227.95485989387581
6392,0.43607747657504159,0.43607747657504159,227.29801098859761
6393,0.43140416786942132,0.43140416786942132,223.5874767091255
6394,0.43092668401803752,0.43092668401803752,223.86192377671441
6395,0.42833702024075954,0.42833702024075954,221.25355783145375
6396,0.43672347240569243,0.43672347240569243,225.08998293421578
6397,0.43069092582477586,0.43069092582477586,222.47135801524206
6398,0.43759263923469832,0.43759263923469832,226.47706737275354
6399,0.43869650851050446,0.43869650851050446,228.06167759978388
6400,0.43394717004704936,0.43394717004704936,225.65025045943193
6401,0.42736620207857667,0.42736620207857667,222.25566920693632
6402,0.42395383902884332,0.42395383902884332,219.74904350829442
6403,0.41667625693682953,0.41667625693682953,218.80412712446636
6404,0.4288242508123507,0.4288242508123507,222.56269060398239
6405,0.42288899687408055,0.42288899687408055,219.22808819813071
6406,0.42776422474408882,0.42776422474408882,222.49630076865387
6407,0.42373454136886612,0.42373454136886612,220.1474562219953
6408,0.42183677585896362,0.42183677585896362,219.97825483875175
6409,0.43107250933105157,0.43107250933105157,221.57829284331328
6410,0.42328120758440441,0.42328120758440441,220.74373380714829
6411,0.42640450327796708,0.42640450327796708,221.62989994629561
6412,0.43119850144054156,0.43119850144054156,224.32456097451146
6413,0.42804091435114822,0.42804091435114822,223.08497305222727
6414,0.42657327785098997,0.42657327785098997,221.24242645878948
6415,0.42925392446241944,0.42925392446241944,221.98527130243005
6416,0.43056523514973682,0.43056523514973682,223.16031938252453
6417,0.43041952864447897,0.43041952864447897,224.15267448939252
6418,0.42952983649205778,0.42952983649205778,223.49362288210858
6419,0.42534947353281344,0.42534947353281344,222.20530968835737
6420,0.42544093281281947,0.42544093281281947,222.21383346462753
6421,0.4316191154376473,0.4316191154376473,223.4623831405649
6422,0.42728109073712039,0.42728109073712039,222.25984685430626
6423,0.42169343924721314,0.42169343924721314,219.16855094831539
6424,0.42021645864938401,0.42021645864938401,217.89626434040093
6425,0.42543394716796401,0.42543394716796401,220.31628358186623
6426,0.42483797763578368,0.42483797763578368,220.43114564350745
6427,0.42272077682717379,0.42272077682717379,220.21843247310116
6428,0.42554247371350573,0.42554247371350573,222.7330182098643
6429,0.42766197178915399,0.42766197178915399,222.60533856336843
6430,0.42762376601062202,0.42762376601062202,220.98724049247826
6431,0.42388265773017936,0.42388265773017936,218.47499733018003
6432,0.42642909485766545,0.42642909485766545,220.7018024169206
6433,0.4300729598933738,0.4300729598933738,222.529907921551
6434,0.42439631924428839,0.42439631924428839,219.11649453924528
6435,0.43209510314862432,0.43209510314862432,222.73962639634829
6436,0.42605389137963739,0.42605389137963739,220.24791326639161
6437,0.42954095719804669,0.42954095719804669,223.81492245010548
6438,0.42054990771793432,0.42054990771793432,219.95686374633141
6439,0.42508719660302335,0.42508719660302335,219.84882045531563
6440,0.42644303321181054,0.42644303321181054,222.12807595304329
6441,0.42736806308548125,0.42736806308548125,220.63565881758535
6442,0.41657580438724756,0.41657580438724756,216.70207980750624
6443,0.42575429966173317,0.42575429966173317,220.82598033262676
6444,0.41804654070746572,0.41804654070746572,217.07249169206884
6445,0.41561014329083851,0.41561014329083851,217.87912724908173
6446,0.42093448779678688,0.42093448779678688,217.36565480086406
6447,0.42172445388148239,0.42172445388148239,219.24203019619785
6448,0.42259917010293985,0.42259917010293985,218.35879214712401
6449,0.41806943513198663,0.41806943513198663,214.76340109594372
6450,0.42228312949278113,0.42228312949278113,219.40718738724883
6451,0.41711102252219606,0.41711102252219606,217.25274134774699
6452,0.41853647852078879,0.41853647852078879,216.91204179026909
6453,0.41237694730470842,0.41237694730470842,214.26829469571885
6454,0.41024293801579387,0.41024293801579387,212.78858280249537
6455,0.41324049718850719,0.41324049718850719,216.13782735963133
6456,0.41220602935910478,0.41220602935910478,215.35125301110821
6457,0.4209088638620474,0.4209088638620474,219.52428156438685
6458,0.42435416570821571,0.42435416570821571,220.51591086839426
6459,0.40998673321986051,0.40998673321986051,214.7932582956083
6460,0.42347365512174795,0.42347365512174795,221.25871405634439
6461,0.41677655423471832,0.41677655423471832,216.77829900910356
6462,0.42427274140293469,0.42427274140293469,219.78076995205066
6463,0.42101829157720222,0.42101829157720222,218.92059425548609
6464,0.42973598196135249,0.42973598196135249,222.21193012424328
6465,0.43030987222315265,0.43030987222315265,222.00526235534085
6466,0.43031565373776742,0.43031565373776742,222.30608857261231
6467,0.4221702302597633,0.4221702302597633,219.93844327483598
6468,0.4260488286095403,0.4260488286095403,220.00225003910214
6469,0.43522710944908016,0.43522710944908016,224.03378926367873
6470,0.42500602478113303,0.42500602478113303,218.79217087136686
6471,0.43330887868617596,0.43330887868617596,222.96345134700468
6472,0.42955492978711007,0.42955492978711007,221.52726953720736
6473,0.43908305247218349,0.43908305247218349,224.78297044106904
6474,0.42212014379865659,0.42212014379865659,217.67260369402192
6475,0.43146258005944504,0.43146258005944504,220.0692342935908
6476,0.42323156256387895,0.42323156256387895,218.83501377467019
6477,0.4180084805798317,0.4180084805798317,216.65369824446589
6478,0.42491808297229472,0.42491808297229472,218.56520672226935
6479,0.42255108386141915,0.42255108386141915,219.59273699070883
6480,0.42618430782951933,0.42618430782951933,220.24929158852336
6481,0.42566427789254468,0.42566427789254468,219.1569370301961
6482,0.41150201144122683,0.41150201144122683,215.61075995167639
6483,0.42265821162383838,0.42265821162383838,221.69106702757858
6484,0.41087950984884164,0.41087950984884164,215.12160750586821
6485,0.41019242469672934,0.41019242469672934,214.97484202292725
6486,0.41635257480039811,0.41635257480039811,219.37282269229846
6487,0.4091322465996467,0.4091322465996467,216.35248636286582
6488,0.41405807619038593,0.41405807619038593,217.26562641116789
6489,0.40688452467139913,0.40688452467139913,214.70991022848926
6490,0.40914296829881563,0.40914296829881563,216.66167496378799
6491,0.40579994372122757,0.40579994372122757,212.65083196854579
6492,0.41192810370949029,0.41192810370949029,216.86998804899184
6493,0.41970400945425518,0.41970400945425518,217.60850215199426
6494,0.4237625593236018,0.4237625593236018,220.01749976240444
6495,0.42637024585938577,0.42637024585938577,221.36931578031709
6496,0.42713973981756465,0.42713973981756465,220.21490026200473
6497,0.42866628399000317,0.42866628399000317,221.94797275443852
6498,0.42985362406401639,0.42985362406401639,220.83562394319878
6499,0.42556822277996753,0.42556822277996753,221.92075404896246
6500,0.42550011145800609,0.42550011145800609,221.90563327472651
6501,0.42195148009102407,0.42195148009102407,220.05183424174442
6502,0.41901378279004897,0.41901378279004897,217.99892009661579
6503,0.42115020514930335,0.42115020514930335,218.1882510281358
6504,0.42346535825806642,0.42346535825806642,218.67481377846715
6505,0.41593192188411798,0.41593192188411798,216.71305225041183
6506,0.42500313755120078,0.42500313755120078,222.65229338269646
6507,0.42265135046461788,0.42265135046461788,220.53547511615184
6508,0.42116793659818852,0.42116793659818852,219.55359904042831
6509,0.42460481518404219,0.42460481518404219,221.95053614399859
6510,0.42233407197947298,0.42233407197947298,218.73082562291088
6511,0.4247980455181059,0.4247980455181059,219.07367293718661
6512,0.42127558630873202,0.42127558630873202,219.91681503492728
6513,0.42104716884805049,0.42104716884805049,217.49685491753621
6514,0.42536419610107118,0.42536419610107118,220.33218299595856
6515,0.40742061957835646,0.40742061957835646,212.8880027077158
6516,0.4266321208144303,0.4266321208144303,222.97490840311576
6517,0.41386236236601998,0.41386236236601998,216.62553589657335
6518,0.41503213540224115,0.41503213540224115,215.9473168427815
6519,0.41601702911860594,0.41601702911860594,219.81346826332205
6520,0.4164608945958187,0.4164608945958187,218.53310933304857
6521,0.41828441570990077,0.41828441570990077,218.92461693439628
6522,0.41955180531508535,0.41955180531508535,218.76692769072321
6523,0.41424606120563662,0.41424606120563662,215.54769924433785
6524,0.41318568468276695,0.41318568468276695,217.72381650412262
6525,0.41887554106720426,0.41887554106720426,219.68503342096892
6526,0.4196823180003868,0.4196823180003868,222.1511316277882
6527,0.417085710890714,0.417085710890714,217.95846199086623
6528,0.42519785830399115,0.42519785830399115,221.8645595673016
6529,0.43306429046271011,0.43306429046271011,222.60603553386917
6530,0.42233265485637422,0.42233265485637422,217.61715706607771
6531,0.42740228616967152,0.42740228616967152,220.61582212704258
6532,0.42119063894903447,0.42119063894903447,220.10515147975971
6533,0.42609340282769725,0.42609340282769725,219.80650548270282
6534,0.42852275456228217,0.42852275456228217,219.24220087673862
6535,0.43352442439927269,0.43352442439927269,222.78111923649834
6536,0.43396615018232632,0.43396615018232632,224.54864784143629
6537,0.42653114498546751,0.42653114498546751,221.5345025900248
6538,0.42650498908690537,0.42650498908690537,221.07921264225553
6539,0.43084858276143612,0.43084858276143612,221.49119324553689
6540,0.43106740784151903,0.43106740784151903,222.67252276301187
6541,0.43591531743443007,0.43591531743443007,222.62961338101042
6542,0.43624030872900948,0.43624030872900948,223.52941358250604
6543,0.43846346326260155,0.43846346326260155,225.54239605990787
6544,0.44467648604418225,0.44467648604418225,226.30796072547656
6545,0.43934352789705633,0.43934352789705633,224.77476492924171
6546,0.43005689005882575,0.43005689005882575,223.12059033052896
6547,0.43010806629761678,0.43010806629761678,220.58983225706461
6548,0.42579761015999101,0.42579761015999101,217.19259363121455
6549,0.43280289306476954,0.43280289306476954,223.16627183516508
6550,0.42960634506138329,0.42960634506138329,222.62181769275972
6551,0.43042460040337216,0.43042460040337216,219.59673103380629
6552,0.4316549913303126,0.4316549913303126,219.72794083101235
6553,0.43045653212013801,0.43045653212013801,221.04845225635108
6554,0.43269307367379151,0.43269307367379151,221.96690114223571
6555,0.43218633063987932,0.43218633063987932,222.52347454377076
6556,0.43422994553220501,0.43422994553220501,222.85964493670167
6557,0.43599237874034802,0.43599237874034802,224.33195614415655
6558,0.43459723260203997,0.43459723260203997,222.37511481851215
6559,0.43148113439183045,0.43148113439183045,221.51874974239718
6560,0.4438206840534516,0.4438206840534516,224.20267117540442
6561,0.44607235847723681,0.44607235847723681,226.88432870123421
6562,0.44108966707566372,0.44108966707566372,224.51322119130936
6563,0.4442971969592161,0.4442971969592161,223.75872793955742
6564,0.4541092031775375,0.4541092031775375,228.39741651390995
6565,0.4470853569075614,0.4470853569075614,228.28521748127037
6566,0.43733891006051878,0.43733891006051878,224.81800665759488
6567,0.44767062436400923,0.44767062436400923,228.03643287161557
6568,0.437041961448213,0.437041961448213,225.05828941951648
6569,0.43927279492197757,0.43927279492197757,224.2345783979265
6570,0.43654928133017823,0.43654928133017823,222.93720109201621
6571,0.44754077590311991,0.44754077590311991,227.098047400609
6572,0.45813086650143803,0.45813086650143803,231.98634897991874
6573,0.45241089419813507,0.45241089419813507,227.49115150894295
6574,0.45308917191848791,0.45308917191848791,228.87819839589739
6575,0.4510344336311124,0.4510344336311124,227.47284885961935
6576,0.43954453682505712,0.43954453682505712,224.43204565636339
6577,0.43747179330365749,0.43747179330365749,222.55488792989792
6578,0.44159392847002088,0.44159392847002088,225.84249561726841
6579,0.44377328022479479,0.44377328022479479,226.17762725035709
6580,0.4323020646098909,0.4323020646098909,221.44233634677988
6581,0.43921141482827009,0.43921141482827009,223.43881137248391
6582,0.43189833987851883,0.43189833987851883,222.6041272601812
6583,0.43756156446102457,0.43756156446102457,223.62873052436794
6584,0.43629757212180709,0.43629757212180709,222.95809977261251
6585,0.44010921331737185,0.44010921331737185,223.96771057990662
6586,0.43556910171799651,0.43556910171799651,223.07715187860245
6587,0.43157635407301981,0.43157635407301981,222.8614798434383
6588,0.42919190242188743,0.42919190242188743,220.45027090170552
6589,0.43054270527481664,0.43054270527481664,222.64138066460731
6590,0.42861045704923334,0.42861045704923334,221.63643917796625
6591,0.43234441884550129,0.43234441884550129,223.97227840454985
6592,0.42341910066273475,0.42341910066273475,220.6021590366538
6593,0.43424409920842721,0.43424409920842721,225.12484523279349
6594,0.4406097784146018,0.4406097784146018,224.78336671303387
6595,0.43425372593038053,0.43425372593038053,223.68249618265912
6596,0.4289601878773901,0.4289601878773901,219.65013265608937
6597,0.43151158990850746,0.43151158990850746,222.68626919463503
6598,0.42928370675630978,0.42928370675630978,222.83047963829819
6599,0.42815586746392348,0.42815586746392348,223.82049779773828
6600,0.42676611686249233,0.42676611686249233,221.58785962558059
6601,0.42718862518409778,0.42718862518409778,220.26569078883477
6602,0.42946376617131782,0.42946376617131782,220.80712333103617
6603,0.42413625947599687,0.42413625947599687,219.03144487062573
6604,0.43182131059529788,0.43182131059529788,223.42286330515245
6605,0.43394697188667319,0.43394697188667319,224.77592163910762
6606,0.43328543480699172,0.43328543480699172,224.75759669609329
6607,0.4420716020318724,0.4420716020318724,226.0263933244716
6608,0.44415301842640842,0.44415301842640842,226.29708456566885
6609,0.43900930764422058,0.43900930764422058,222.87422221443066
6610,0.43853803378273593,0.43853803378273593,224.63234801787286
6611,0.4438522763465052,0.4438522763465052,226.18804605164419
6612,0.4419389933761308,0.4419389933761308,225.07690773556206
6613,0.44281316808195459,0.44281316808195459,222.76615066749781
6614,0.4507803576461229,0.4507803576461229,226.52145738706162
6615,0.45541506514657176,0.45541506514657176,229.23061169644635
6616,0.45226087928532294,0.45226087928532294,228.72929985476063
6617,0.4400349867228151,0.4400349867228151,224.52762999680053
6618,0.44789499635723262,0.44789499635723262,226.55183981859031
6619,0.4439849276157507,0.4439849276157507,223.36315231014797
6620,0.44813016626756291,0.44813016626756291,226.90435359410452
6621,0.44637899231674549,0.44637899231674549,229.54181170793004
6622,0.43688171579411883,0.43688171579411883,223.65680961078311
6623,0.43524226447455183,0.43524226447455183,222.86930256012738
6624,0.44366933383991347,0.44366933383991347,229.03940879522179
6625,0.44061414809551558,0.44061414809551558,226.71238150880407
6626,0.4281909394975999,0.4281909394975999,220.01330527826386
6627,0.44412992916129107,0.44412992916129107,225.70324297306644
6628,0.4426732045291783,0.4426732045291783,227.17386810883099
6629,0.43817986158109179,0.43817986158109179,223.82402695827926
6630,0.44783033950380657,0.44783033950380657,224.38696093160519
6631,0.44679436891108104,0.44679436891108104,226.29883757126473
6632,0.44440376839517803,0.44440376839517803,225.67721592953004
6633,0.45146358264378755,0.45146358264378755,227.06660696299582
6634,0.43542130400867068,0.43542130400867068,221.26561609775632
6635,0.43518110123398496,0.43518110123398496,222.71717215244058
6636,0.43698149670128028,0.43698149670128028,224.23525450656638
6637,0.43906374392468128,0.43906374392468128,225.63747708185429
6638,0.43420454342583348,0.43420454342583348,221.44067555997327
6639,0.43166120778271644,0.43166120778271644,220.4997715308979
6640,0.43748346145855316,0.43748346145855316,224.14494696709039
6641,0.434296903137464,0.434296903137464,223.01786359585662
6642,0.43330537055152563,0.43330537055152563,223.09329299399315
6643,0.43010364609182694,0.43010364609182694,220.40439985649519
6644,0.43290833224177394,0.43290833224177394,223.36610724198971
6645,0.43402406698672769,0.43402406698672769,221.83598104826427
6646,0.44530628472596517,0.44530628472596517,225.81997551005435
6647,0.4442009251335669,0.4442009251335669,226.50519005312759
6648,0.42990036086052114,0.42990036086052114,222.13709378565272
6649,0.43071449093405068,0.43071449093405068,223.12991184030858
6650,0.42763921163946989,0.42763921163946989,220.87176666024726
6651,0.43842704338375132,0.43842704338375132,226.29785252242556
6652,0.43242573090296699,0.43242573090296699,223.08632208620037
6653,0.43258504187049585,0.43258504187049585,219.90218849276016
6654,0.44019607781254838,0.44019607781254838,224.48899596204888
6655,0.43687842609454391,0.43687842609454391,222.68214068467
6656,0.4324587377493172,0.4324587377493172,222.0381493490101
6657,0.43746920798644051,0.43746920798644051,222.16313560935379
6658,0.44418326316767515,0.44418326316767515,226.1331339786289
6659,0.43372013872323911,0.43372013872323911,221.3896833072979
6660,0.43881411691669231,0.43881411691669231,224.20914845804995
6661,0.43812385674544385,0.43812385674544385,225.40259174964649
6662,0.42735045214442147,0.42735045214442147,219.27662245991309
6663,0.43684776623526933,0.43684776623526933,225.30139908863308
6664,0.43805024493204447,0.43805024493204447,226.60978513444215
6665,0.43733499964463984,0.43733499964463984,225.58219856417213
6666,0.43145492180865641,0.43145492180865641,221.22117787089161
6667,0.43813539754496367,0.43813539754496367,223.8052298410833
6668,0.44256894831156152,0.44256894831156152,225.42224733168715
6669,0.43632041640616964,0.43632041640616964,221.20128404128195
6670,0.43476899338578373,0.43476899338578373,219.91362211364245
6671,0.43460791866500764,0.43460791866500764,221.06463310343878
6672,0.44369010018810773,0.44369010018810773,225.34926893973829
6673,0.44772564662835962,0.44772564662835962,226.6515231693208
6674,0.44203974422858722,0.44203974422858722,222.76842532286929
6675,0.45547607400231521,0.45547607400231521,228.32825103786999
6676,0.4561275125698091,0.4561275125698091,229.84252093008618
6677,0.44926993349345201,0.44926993349345201,227.95660132410094
6678,0.46004260199056296,0.46004260199056296,232.35648771894483
6679,0.44992677394311764,0.44992677394311764,227.00430129440286
6680,0.44163353924937365,0.44163353924937365,224.23189144678864
6681,0.44693372838269652,0.44693372838269652,226.28250209858456
6682,0.4464555280567537,0.4464555280567537,227.56449183074074
6683,0.44960694205006224,0.44960694205006224,228.02674209964258
6684,0.44603125608352795,0.44603125608352795,226.90433186174863
6685,0.4453280867466643,0.4453280867466643,226.06372378481714
6686,0.44311357553806269,0.44311357553806269,225.92875843703959
6687,0.43928413242333253,0.43928413242333253,222.48704067534612
6688,0.44103034696719767,0.44103034696719767,222.51122598255793
6689,0.4478422659542689,0.4478422659542689,228.85831836551489
6690,0.44995088328385713,0.44995088328385713,229.30012176232975
6691,0.43781307807962844,0.43781307807962844,223.24059298270589
6692,0.43700582062952309,0.43700582062952309,225.06649266321278
6693,0.43268936585981665,0.43268936585981665,222.21476379008487
6694,0.44281171287258025,0.44281171287258025,225.68911472666537
6695,0.43840281782697399,0.43840281782697399,222.91279090236117
6696,0.43792232130878794,0.43792232130878794,223.58922610668341
6697,0.43985532289040813,0.43985532289040813,222.99688318964991
6698,0.43399904762661762,0.43399904762661762,222.46982414773561
6699,0.4373532281314122,0.4373532281314122,223.59350661277023
6700,0.43644967346921082,0.43644967346921082,221.11965289095269
6701,0.42851306230533553,0.42851306230533553,220.39766215930445
6702,0.43058063299416316,0.43058063299416316,219.33885001908493
6703,0.43038884272735534,0.43038884272735534,220.94956340307493
6704,0.43190640081008863,0.43190640081008863,221.21906278096193
6705,0.43382613886939614,0.43382613886939614,220.63086404860005
6706,0.4318501282091497,0.4318501282091497,222.87775646029914
6707,0.43785429169302031,0.43785429169302031,226.29403571246334
6708,0.44136515404970372,0.44136515404970372,225.93581655037778
6709,0.43573034915570313,0.43573034915570313,221.86811259080531
6710,0.44030884281709631,0.44030884281709631,225.34842111646034
6711,0.43709839918639365,0.43709839918639365,223.75719549271986
6712,0.43324250666700026,0.43324250666700026,221.91795542301324
6713,0.43792432046485075,0.43792432046485075,223.66430996854274
6714,0.4385899135987491,0.4385899135987491,222.71523565226079
6715,0.43744798920071182,0.43744798920071182,223.61945275408698
6716,0.44147577563500706,0.44147577563500706,223.58168464245381
6717,0.44438554871674174,0.44438554871674174,225.4816346624078
6718,0.44791292966798357,0.44791292966798357,227.47816876883726
6719,0.44170094487625305,0.44170094487625305,225.95355503193204
6720,0.43619364498850305,0.43619364498850305,225.40846175407984
6721,0.43782539777859253,0.43782539777859253,224.16771133249273
6722,0.44052366128091258,0.44052366128091258,225.70629980065655
6723,0.43393315155671541,0.43393315155671541,221.76874594445272
6724,0.43652967491531597,0.43652967491531597,221.18264439786034
6725,0.42936779273649056,0.42936779273649056,218.9983604367921
6726,0.43864625790714246,0.43864625790714246,223.74361289355858
6727,0.43465262835050728,0.43465262835050728,222.49585152752866
6728,0.43095957492103665,0.43095957492103665,219.77576341046353
6729,0.43606645065266053,0.43606645065266053,223.27938595466168
6730,0.43602234596992506,0.43602234596992506,221.93213315785005
6731,0.43490124001436009,0.43490124001436009,221.87253658071162
6732,0.43323024789404058,0.43323024789404058,222.02864150737224
6733,0.44001497394567579,0.44001497394567579,224.90703936679498
6734,0.43377571262007153,0.43377571262007153,221.44623808147475
6735,0.43599709582196217,0.43599709582196217,223.08947413400696
6736,0.44599034388772274,0.44599034388772274,224.61369536186686
6737,0.44790056786658727,0.44790056786658727,228.67127573937296
6738,0.44341041135155485,0.44341041135155485,224.80266731684787
6739,0.44059328185588625,0.44059328185588625,223.39215335807268
6740,0.44608080110603787,0.44608080110603787,225.19975998520596
6741,0.44520693515158766,0.44520693515158766,227.60151481067169
6742,0.44112786277279231,0.44112786277279231,224.3127114969881
6743,0.44494871512336232,0.44494871512336232,226.91908511332477
6744,0.4411692538402418,0.4411692538402418,224.75892740918817
6745,0.42416755184748506,0.42416755184748506,217.92423216359285
6746,0.42759099842578063,0.42759099842578063,217.94509323778607
6747,0.42266273469479521,0.42266273469479521,218.13374527845122
6748,0.42838930931251784,0.42838930931251784,222.72829650254158
6749,0.42140634255355425,0.42140634255355425,218.51267227946261
6750,0.4228247460239703,0.4228247460239703,217.66183031611928
6751,0.42024710770145646,0.42024710770145646,216.20236500802929
6752,0.41439398911859976,0.41439398911859976,214.34479854247587
6753,0.43501043783095383,0.43501043783095383,223.61375244503802
6754,0.42377002224284982,0.42377002224284982,218.32771100665997
6755,0.43272993534676996,0.43272993534676996,222.69886244101116
6756,0.4268418854616578,0.4268418854616578,219.75997981802797
6757,0.42697225484133244,0.42697225484133244,218.03885635384913
6758,0.43462892106531231,0.43462892106531231,221.80031579539758
6759,0.43183414475069543,0.43183414475069543,220.67809373418487
6760,0.43229068879146909,0.43229068879146909,219.39380020015491
6761,0.43342952533366852,0.43342952533366852,221.94746822048629
6762,0.43487516776154961,0.43487516776154961,221.9205485105719
6763,0.43270383646335342,0.43270383646335342,222.25159307600126
6764,0.43422683443344345,0.43422683443344345,222.98717471662968
6765,0.43728145463996837,0.43728145463996837,224.40028195699969
6766,0.44518054488508901,0.44518054488508901,228.01088400510108
6767,0.43584886319351457,0.43584886319351457,222.06884192863748
6768,0.44112651261647801,0.44112651261647801,224.26056421415757
6769,0.44319335401383658,0.44319335401383658,226.22434926106348
6770,0.4384569845691374,0.4384569845691374,223.1238646439636
6771,0.43108252630943228,0.43108252630943228,219.72540558635961
6772,0.43152066680270884,0.43152066680270884,222.7532721242016
6773,0.44077796700117194,0.44077796700117194,225.05660303043797
6774,0.44082948891711266,0.44082948891711266,223.97509033291144
6775,0.44277754673465075,0.44277754673465075,223.11266338291253
6776,0.44332563121769664,0.44332563121769664,224.74179439076292
6777,0.4435494841779023,0.4435494841779023,225.06005890662067
6778,0.4418997098027444,0.4418997098027444,224.1151419743972
6779,0.42681997056907273,0.42681997056907273,220.02270448987389
6780,0.43819005504408731,0.43819005504408731,222.56229131681548
6781,0.43486340796157463,0.43486340796157463,221.70888999381992
6782,0.43159433678111325,0.43159433678111325,218.92964780180381
6783,0.44598176248851251,0.44598176248851251,226.08628350088216
6784,0.45205202921600413,0.45205202921600413,227.96095956597418
6785,0.44660031474030371,0.44660031474030371,226.96850199881345
6786,0.44162458590213838,0.44162458590213838,224.69911188435316
6787,0.44417261139358999,0.44417261139358999,225.7552232572335
6788,0.44081326418137118,0.44081326418137118,226.52021583192021
6789,0.43811378237957055,0.43811378237957055,224.06949419117245
6790,0.44052875259323387,0.44052875259323387,224.60525473067446
6791,0.44131696062308912,0.44131696062308912,224.99700763031223
6792,0.43557830998057839,0.43557830998057839,222.90198871526982
6793,0.43615635785929269,0.43615635785929269,224.46830186083736
6794,0.42261441549158735,0.42261441549158735,216.78576418552856
6795,0.42710869328195172,0.42710869328195172,218.85504562003035
6796,0.43841842270431036,0.43841842270431036,225.15959379468376
6797,0.43240676792354849,0.43240676792354849,224.22850359855238
6798,0.43640802858690958,0.43640802858690958,223.61051291983691
6799,0.43329545336822928,0.43329545336822928,221.94118049574746
6800,0.44024873384576113,0.44024873384576113,224.46648733900025
6801,0.44378607531474568,0.44378607531474568,226.04541182275929
6802,0.44637251737841488,0.44637251737841488,226.70040537539859
6803,0.43127190311119701,0.43127190311119701,221.79247472881093
6804,0.43358922645594367,0.43358922645594367,220.81659747732593
6805,0.43862368098236387,0.43862368098236387,224.40429499055253
6806,0.43466628199573065,0.43466628199573065,221.28929348526944
6807,0.43865171138239767,0.43865171138239767,222.88777667133218
6808,0.44073802866093337,0.44073802866093337,224.98713121326392
6809,0.44296838556853196,0.44296838556853196,226.07114398439438
6810,0.43705817113485984,0.43705817113485984,225.01149999336394
6811,0.42927945900019615,0.42927945900019615,217.85340764705256
6812,0.43836860404326228,0.43836860404326228,224.57324377175036
6813,0.44171803286821076,0.44171803286821076,225.44835610806521
6814,0.4421349369806265,0.4421349369806265,225.52521301693236
6815,0.43320087777133126,0.43320087777133126,221.92705139539288
6816,0.439347492406712,0.439347492406712,225.23279912901413
6817,0.44103339579844369,0.44103339579844369,223.05024485455357
6818,0.44638748049025223,0.44638748049025223,226.41097496991546
6819,0.44994559152344082,0.44994559152344082,225.01537240765848
6820,0.45220670670486884,0.45220670670486884,227.58462166737309
6821,0.45832219596637352,0.45832219596637352,228.44258427027103
6822,0.45928773913051402,0.45928773913051402,230.31999011405605
6823,0.45932928455001443,0.45932928455001443,227.31786204199702
6824,0.45487564607690534,0.45487564607690534,224.91622417447343
6825,0.45381440142647012,0.45381440142647012,225.36915988683273
6826,0.45562169434906546,0.45562169434906546,226.45563590293827
6827,0.4596569818442845,0.4596569818442845,228.71502368073052
6828,0.44712552428336838,0.44712552428336838,225.85596631206349
6829,0.45372763593567156,0.45372763593567156,227.73375253344994
6830,0.4481547317855224,0.4481547317855224,228.45087378960889
6831,0.44342025559144937,0.44342025559144937,226.98047022456672
6832,0.43695955166728701,0.43695955166728701,223.00357858176804
6833,0.44426117018715494,0.44426117018715494,224.86390672887882
6834,0.44641785207600837,0.44641785207600837,226.29735250947687
6835,0.4489246473063222,0.4489246473063222,227.3854985048701
6836,0.4486208299609028,0.4486208299609028,228.11520372282448
6837,0.44534974729244636,0.44534974729244636,227.44791918250567
6838,0.44475462048272696,0.44475462048272696,229.17536795811057
6839,0.45052473453427588,0.45052473453427588,229.32117704991202
6840,0.45102399177842845,0.45102399177842845,229.48646269191084
6841,0.44087230745125405,0.44087230745125405,228.03392727635492
6842,0.44594124945376717,0.44594124945376717,224.590339390884
6843,0.444361037946715,0.444361037946715,224.0597648741068
6844,0.44356239920730739,0.44356239920730739,227.50974971320449
6845,0.42931359872494201,0.42931359872494201,220.07163961643519
6846,0.43681341441273397,0.43681341441273397,224.37191919237034
6847,0.44130287185527728,0.44130287185527728,226.24037921522921
6848,0.43589082091046399,0.43589082091046399,225.35405410798339
6849,0.42877726338746536,0.42877726338746536,220.35627624485232
6850,0.43235265250800736,0.43235265250800736,223.37366265519162
6851,0.44523570090922127,0.44523570090922127,226.0317307563906
6852,0.42937631014824118,0.42937631014824118,218.33765449813419
6853,0.44575757147516804,0.44575757147516804,225.11824526735981
6854,0.44182654866558108,0.44182654866558108,223.0237538143133
6855,0.4418063919885048,0.4418063919885048,224.44871217018516
6856,0.45116603682594747,0.45116603682594747,225.95091331405357
6857,0.44773977984429847,0.44773977984429847,225.95297791785919
6858,0.43803312526793636,0.43803312526793636,221.82101832951048
6859,0.43482314078510925,0.43482314078510925,220.50424576037003
6860,0.44773285493846043,0.44773285493846043,227.02884104966785
6861,0.43914330041896787,0.43914330041896787,221.3016222776609
6862,0.42880429446748203,0.42880429446748203,218.1958183764072
6863,0.43147002783576516,0.43147002783576516,219.99999605817396
6864,0.43211481605284846,0.43211481605284846,222.88432985388471
6865,0.43979296565694836,0.43979296565694836,224.00380942041139
6866,0.42784266571491286,0.42784266571491286,219.82868844540607
6867,0.43923155161695365,0.43923155161695365,223.60187793805045
6868,0.43889950749887319,0.43889950749887319,226.23764341125178
6869,0.44779653682552611,0.44779653682552611,227.51828351836139
6870,0.44244995881053367,0.44244995881053367,226.42062185478153
6871,0.43783596110726447,0.43783596110726447,223.30818316428903
6872,0.4373034430451076,0.4373034430451076,224.38580874124187
6873,0.43475044673128938,0.43475044673128938,224.41937662371691
6874,0.44721025127942593,0.44721025127942593,225.80827462459291
6875,0.44198349632436057,0.44198349632436057,224.38256488991857
6876,0.43710826788778795,0.43710826788778795,224.04991664539267
6877,0.44674842074258558,0.44674842074258558,226.2619873095463
6878,0.43701218947834725,0.43701218947834725,223.47070274501175
6879,0.44224347146565596,0.44224347146565596,224.72622908981629
6880,0.44250690394309145,0.44250690394309145,225.96036468116694
6881,0.42730294909937944,0.42730294909937944,218.22655225979696
6882,0.45064836215874082,0.45064836215874082,228.27837587457628
6883,0.45276728909605202,0.45276728909605202,230.11460306202986
6884,0.43544420632190456,0.43544420632190456,223.25658049860186
6885,0.44166201452218079,0.44166201452218079,225.81623459700762
6886,0.43797121499648711,0.43797121499648711,223.2498805218369
6887,0.44038001050226977,0.44038001050226977,225.13731254779296
6888,0.43980790977370426,0.43980790977370426,225.26381427943716
6889,0.44185721638476361,0.44185721638476361,224.78622372843074
6890,0.44115349464848819,0.44115349464848819,225.70834769014851
6891,0.42983233829221607,0.42983233829221607,222.36840054302775
6892,0.43516828755860243,0.43516828755860243,224.22311855878806
6893,0.43710946344047724,0.43710946344047724,223.62559202126619
6894,0.43237957759493134,0.43237957759493134,221.96132484635208
6895,0.43978792007279388,0.43978792007279388,222.72442235853867
6896,0.43151170068555961,0.43151170068555961,221.87305881439184
6897,0.43044870617122316,0.43044870617122316,220.73796471436967
6898,0.43790519851374821,0.43790519851374821,223.75231765196222
6899,0.44335463695327598,0.44335463695327598,226.68377119659573
6900,0.43771050721047694,0.43771050721047694,224.58233685427163
6901,0.42537660068963801,0.42537660068963801,218.02733530746551
6902,0.43244651899341219,0.43244651899341219,221.45295254818728
6903,0.44071231640956982,0.44071231640956982,227.11659045490669
6904,0.44565362819577264,0.44565362819577264,227.40929078624399
6905,0.43982885511115349,0.43982885511115349,224.68931362070975
6906,0.44970074055359166,0.44970074055359166,228.50973343250789
6907,0.44039220766718534,0.44039220766718534,224.70696173916613
6908,0.44039720811004085,0.44039720811004085,223.42768529647657
6909,0.44460699939810056,0.44460699939810056,225.80987310084433
6910,0.44099156711928778,0.44099156711928778,223.36095406512351
6911,0.43670140182549222,0.43670140182549222,222.40211582749879
6912,0.44843806274182391,0.44843806274182391,226.49440225374707
6913,0.43953333390799471,0.43953333390799471,226.03247876805275
6914,0.43609755293707397,0.43609755293707397,224.5892295056355
6915,0.45019757670107624,0.45019757670107624,229.40849609240507
6916,0.44086931072369151,0.44086931072369151,226.22887308246013
6917,0.44260268426180122,0.44260268426180122,226.35996402518009
6918,0.43265984911023631,0.43265984911023631,222.50096451100245
6919,0.44100467802960364,0.44100467802960364,226.03120807636878
6920,0.44081680858509042,0.44081680858509042,227.21928903221084
6921,0.44434066760487773,0.44434066760487773,227.49226411685817
6922,0.44430008110114005,0.44430008110114005,227.0760482212639
6923,0.45137748178884324,0.45137748178884324,227.59195556484983
6924,0.44734319817825902,0.44734319817825902,225.71193456635743
6925,0.43765300085266057,0.43765300085266057,224.30425785186463
6926,0.43822317352050638,0.43822317352050638,226.05526410789034
6927,0.43840629569002798,0.43840629569002798,225.47922851799748
6928,0.44058170982924161,0.44058170982924161,221.01126313188973
6929,0.44244666824094797,0.44244666824094797,225.83810659298706
6930,0.44283593154222922,0.44283593154222922,227.05513475631452
6931,0.45001444705159077,0.45001444705159077,228.26379199067219
6932,0.43806857071537603,0.43806857071537603,224.29368049788786
6933,0.43539994460753412,0.43539994460753412,221.9244229772431
6934,0.44335690479702661,0.44335690479702661,225.85993011604464
6935,0.4534864166209755,0.4534864166209755,230.04571741912528
6936,0.44381507104963475,0.44381507104963475,226.59099920609228
6937,0.44457813633831667,0.44457813633831667,225.12222084190353
6938,0.45064841435100061,0.45064841435100061,229.69215358840293
6939,0.45092146991955984,0.45092146991955984,229.10733505741081
6940,0.44535954125048438,0.44535954125048438,227.75036187500376
6941,0.44597793205009656,0.44597793205009656,228.08599317987873
6942,0.45218711215216201,0.45218711215216201,232.28078163031142
6943,0.44818466271689489,0.44818466271689489,227.95580219815898
6944,0.44005649311800343,0.44005649311800343,225.18224176974053
6945,0.44070523831842001,0.44070523831842001,224.20535237057356
6946,0.43650768303178744,0.43650768303178744,226.10489575542096
6947,0.44638924372023442,0.44638924372023442,228.83776186937376
6948,0.43461745803067026,0.43461745803067026,223.23372956544205
6949,0.43988588082186891,0.43988588082186891,223.48968536329602
6950,0.43995608745139492,0.43995608745139492,223.78565902493148
6951,0.4431537512855363,0.4431537512855363,225.37564085521481
6952,0.43899804047289043,0.43899804047289043,224.6304725530461
6953,0.42821613434142713,0.42821613434142713,222.59624796472843
6954,0.43902256578466403,0.43902256578466403,224.53699232156472
6955,0.43923610726459322,0.43923610726459322,225.43349061453668
6956,0.44796366422096467,0.44796366422096467,229.82240570882732
6957,0.44712184395153687,0.44712184395153687,226.68632154217426
6958,0.44777188414225499,0.44777188414225499,227.63726229573786
6959,0.44538346521371375,0.44538346521371375,227.33646057949176
6960,0.43775529649827927,0.43775529649827927,222.87768126275304
6961,0.44219144281773481,0.44219144281773481,223.55123140315777
6962,0.43794940178699066,0.43794940178699066,224.9566671616426
6963,0.4334137271305411,0.4334137271305411,221.44437405664053
6964,0.440172217377226,0.440172217377226,227.02242246290712
6965,0.43748099896134257,0.43748099896134257,222.73333600518535
6966,0.44065744810175483,0.44065744810175483,225.66750871676385
6967,0.4368932110321303,0.4368932110321303,223.83410383792034
6968,0.43818748093832321,0.43818748093832321,222.98834389741984
6969,0.43448810114922393,0.43448810114922393,222.98064564483457
6970,0.44493601894683249,0.44493601894683249,225.49484055795409
6971,0.44329954931398119,0.44329954931398119,226.98543401446113
6972,0.44136951562839916,0.44136951562839916,225.67138501216931
6973,0.44627616985623975,0.44627616985623975,226.82072862170639
6974,0.44310309832558448,0.44310309832558448,226.4303532894136
6975,0.44586281469695999,0.44586281469695999,226.73352300187102
6976,0.4494864993352029,0.4494864993352029,228.05919672123733
6977,0.4531035901513093,0.4531035901513093,228.4273882185461
6978,0.45133269898364903,0.45133269898364903,227.34358209339911
6979,0.46262339487085136,0.46262339487085136,232.20108452859782
6980,0.44536124359088847,0.44536124359088847,225.28484689780194
6981,0.44574537230014438,0.44574537230014438,224.37849335891889
6982,0.45129320407219381,0.45129320407219381,226.95255311135128
6983,0.4513310109680056,0.4513310109680056,228.98835375128047
6984,0.45493338873158357,0.45493338873158357,231.78686443425568
6985,0.45305827181664543,0.45305827181664543,228.14990118710102
6986,0.44803199003170879,0.44803199003170879,229.05298236681165
6987,0.44229880275889799,0.44229880275889799,223.69763374070436
6988,0.44796628576349401,0.44796628576349401,227.62647510025053
6989,0.45269968509509806,0.45269968509509806,229.09328982492943
6990,0.44623591242054728,0.44623591242054728,225.41231073425698
6991,0.45018394948066531,0.45018394948066531,228.12080071839355
6992,0.45004273372668502,0.45004273372668502,228.2634649515922
6993,0.44816257775131962,0.44816257775131962,226.62668516851235
6994,0.45808035802256236,0.45808035802256236,229.49010172548759
6995,0.44925651553128815,0.44925651553128815,225.3796187546356
6996,0.4503726557371025,0.4503726557371025,227.90019536037852
6997,0.4496587128318687,0.4496587128318687,227.61187293920779
6998,0.44494369643793663,0.44494369643793663,224.71472305315569
6999,0.44818640105269481,0.44818640105269481,227.57825617464437
7000,0.43949738828069496,0.43949738828069496,224.26710280522215
7001,0.44165368943393257,0.44165368943393257,225.41759499040774
7002,0.4416579882436853,0.4416579882436853,222.78914128541584
7003,0.43906556046944212,0.43906556046944212,222.76998938839742
7004,0.43447357351085819,0.43447357351085819,221.87021365339677
7005,0.44139614563772511,0.44139614563772511,224.99552691699736
7006,0.43608686187689455,0.43608686187689455,222.27270244985661
7007,0.43404731960040649,0.43404731960040649,222.42914776174024
7008,0.44118467173632647,0.44118467173632647,223.23730906131468
7009,0.44329754508673885,0.44329754508673885,224.71640552372946
7010,0.44162481052131158,0.44162481052131158,224.32075831581255
7011,0.45104328695942453,0.45104328695942453,227.75344897007199
7012,0.44041134552584571,0.44041134552584571,224.09260307075155
7013,0.44257768963248373,0.44257768963248373,223.477825266726
7014,0.44442762078353459,0.44442762078353459,225.53382233912757
7015,0.44537490447389139,0.44537490447389139,226.69733109061235
7016,0.44523670155640094,0.44523670155640094,227.15926134481469
7017,0.44681039868364919,0.44681039868364919,224.28729939493195
7018,0.44954134489454944,0.44954134489454944,225.1048179691482
7019,0.44903006513681054,0.44903006513681054,227.68195165778144
7020,0.45795027673750194,0.45795027673750194,231.27036654727345
7021,0.45889698554277292,0.45889698554277292,232.31579965264473
7022,0.45684987808075112,0.45684987808075112,230.04324560164542
7023,0.45564857505136758,0.45564857505136758,228.61420073598688
7024,0.44760143453665557,0.44760143453665557,226.41817459627291
7025,0.44985364859066135,0.44985364859066135,227.49234550738393
7026,0.44882230769590914,0.44882230769590914,229.45110997496445
7027,0.44744061597585327,0.44744061597585327,227.30465498136118
7028,0.4403069832609795,0.4403069832609795,225.00946346610053
7029,0.44480320905123022,0.44480320905123022,225.55307083969615
7030,0.44551813592219497,0.44551813592219497,226.18711594262055
7031,0.44922508669264916,0.44922508669264916,228.49686241387485
7032,0.44251797051550579,0.44251797051550579,227.62377091665803
7033,0.44193021399849275,0.44193021399849275,226.1410692480878
7034,0.44481471763707497,0.44481471763707497,226.36674450367704
7035,0.44307904694240741,0.44307904694240741,225.2221697911682
7036,0.43238752897121346,0.43238752897121346,222.25839442723128
7037,0.44133054403003114,0.44133054403003114,222.94059048829996
7038,0.43636476036660354,0.43636476036660354,224.45226538032634
7039,0.44603686371089041,0.44603686371089041,228.05711069363861
7040,0.44225177133749138,0.44225177133749138,226.30969290142338
7041,0.43892150993446172,0.43892150993446172,223.82476965704001
7042,0.42845050736259782,0.42845050736259782,222.1200441493003
7043,0.43624202423883485,0.43624202423883485,224.32328229571266
7044,0.441287047699359,0.441287047699359,224.67927180316488
7045,0.44347048075578777,0.44347048075578777,225.65582275322072
7046,0.44671388570191572,0.44671388570191572,226.2537797630242
7047,0.44536343473865952,0.44536343473865952,225.56862312702691
7048,0.4484587966073173,0.4484587966073173,228.93301961909577
7049,0.437223747495462,0.437223747495462,224.60604525718614
7050,0.44377628433675465,0.44377628433675465,225.97189850616942
7051,0.45032667557036599,0.45032667557036599,228.48771614993365
7052,0.43767743431847916,0.43767743431847916,222.5947202359433
7053,0.43776559444908658,0.43776559444908658,225.50859831611106
7054,0.43327402947179366,0.43327402947179366,223.89159237149519
7055,0.4353742471005117,0.4353742471005117,223.15428225264685
7056,0.44177310896561162,0.44177310896561162,227.9456009862443
7057,0.44063507784077877,0.44063507784077877,227.44393865443789
7058,0.43712635955019297,0.43712635955019297,227.0410901785927
7059,0.43375810422374184,0.43375810422374184,224.8719170334995
7060,0.44146461898764128,0.44146461898764128,227.72334050440912
7061,0.43756241012461894,0.43756241012461894,224.97637759064469
7062,0.43625821757429473,0.43625821757429473,225.99805095745342
7063,0.43152116131107388,0.43152116131107388,222.58494479874611
7064,0.43601926222510662,0.43601926222510662,225.30161024658324
7065,0.43079483420237896,0.43079483420237896,222.83199853467218
7066,0.43679584014792977,0.43679584014792977,225.31284598679594
7067,0.42958644086891085,0.42958644086891085,222.60508700759547
7068,0.42672478525423108,0.42672478525423108,220.81630587630895
7069,0.42907752062559068,0.42907752062559068,221.12097500212093
7070,0.42981309169611392,0.42981309169611392,222.21334545166229
7071,0.43906971300329278,0.43906971300329278,225.2854913710608
7072,0.4442533784503816,0.4442533784503816,226.39845228795647
7073,0.43294949317292908,0.43294949317292908,221.68940127405313
7074,0.43996461781344776,0.43996461781344776,224.66166523874972
7075,0.44222085471085049,0.44222085471085049,226.1435590202106
7076,0.42932451088821449,0.42932451088821449,219.84470187255519
7077,0.43701162092275209,0.43701162092275209,223.56149221240813
7078,0.43228239593683321,0.43228239593683321,219.03085663257417
7079,0.42996676285603402,0.42996676285603402,219.67050902601559
7080,0.42263183507256807,0.42263183507256807,217.90025360739537
7081,0.42305526851746722,0.42305526851746722,218.94052175623591
7082,0.43545905781242489,0.43545905781242489,224.02317270768373
7083,0.43196507944519225,0.43196507944519225,221.3239016167895
7084,0.42733137099976287,0.42733137099976287,221.11896267499395
7085,0.43298209946233229,0.43298209946233229,222.12368828869998
7086,0.43845374842904777,0.43845374842904777,224.54666136810664
7087,0.43330260259235659,0.43330260259235659,221.33853313145769
7088,0.42565933669943457,0.42565933669943457,219.68818934390748
7089,0.41770034334583955,0.41770034334583955,214.59310966255416
7090,0.43014392559772574,0.43014392559772574,220.26979525486249
7091,0.43010233846144363,0.43010233846144363,220.34724956706458
7092,0.43660812072423771,0.43660812072423771,221.38596918889493
7093,0.43433797228847448,0.43433797228847448,222.1642978224792
7094,0.42999695982110009,0.42999695982110009,218.32378234821672
7095,0.43672506442242798,0.43672506442242798,219.74659357105185
7096,0.43799828015147452,0.43799828015147452,221.23899991816546
7097,0.43175887742446867,0.43175887742446867,219.68156422728717
7098,0.43536263835176026,0.43536263835176026,223.43220899602071
7099,0.43639270532757413,0.43639270532757413,221.20906636813964
7100,0.429493166805684,0.429493166805684,219.80096064790774
7101,0.43947431838552725,0.43947431838552725,224.56789051848665
7102,0.4357581503175143,0.4357581503175143,223.64960743478355
7103,0.4276217817346879,0.4276217817346879,220.16251552639386
7104,0.42671529920651252,0.42671529920651252,219.12893168901201
7105,0.43534383141691235,0.43534383141691235,223.44100709667458
7106,0.43391104140808456,0.43391104140808456,223.19935668148173
7107,0.42911470421481923,0.42911470421481923,220.57126921658192
7108,0.43560807192361939,0.43560807192361939,221.96383169448708
7109,0.43832347495726437,0.43832347495726437,223.14761209609642
7110,0.42981052547511345,0.42981052547511345,216.86834114617668
7111,0.42998980639405077,0.42998980639405077,218.83644001266561
7112,0.42220120379453097,0.42220120379453097,220.82922460277982
7113,0.41931388285703219,0.41931388285703219,217.01869397290375
7114,0.41689430359401525,0.41689430359401525,216.76313783571678
7115,0.4135336421262214,0.4135336421262214,216.079382136487
7116,0.42465114706152135,0.42465114706152135,220.74808398994179
7117,0.42035827175744467,0.42035827175744467,218.92988768054707
7118,0.42969213108592275,0.42969213108592275,221.80360824380514
7119,0.4306973241480237,0.4306973241480237,220.07894373353989
7120,0.42581584125253419,0.42581584125253419,218.9021929502494
7121,0.43322814209018645,0.43322814209018645,222.81551432362275
7122,0.43887089264909385,0.43887089264909385,225.86741004539135
7123,0.43452347193037644,0.43452347193037644,219.72459603468434
7124,0.43726677816921128,0.43726677816921128,222.5597981632464
7125,0.43576666650872448,0.43576666650872448,224.01638907464366
7126,0.44279278317777682,0.44279278317777682,223.92474518508553
7127,0.44423322013502614,0.44423322013502614,224.84588998982039
7128,0.44156038713575257,0.44156038713575257,222.40681204360371
7129,0.43962306262709933,0.43962306262709933,222.26120397569451
7130,0.44454778418537833,0.44454778418537833,224.36546095209388
7131,0.44434988255313534,0.44434988255313534,226.21233932662889
7132,0.43553944156578428,0.43553944156578428,221.29554248393114
7133,0.4333713966507074,0.4333713966507074,221.8816483879005
7134,0.43567820486483227,0.43567820486483227,221.91548103187733
7135,0.44683289808509957,0.44683289808509957,225.72861767662636
7136,0.43885885705710936,0.43885885705710936,222.31809457334424
7137,0.43792725566576179,0.43792725566576179,222.03713431212819
7138,0.44002055575433463,0.44002055575433463,223.41565434440858
7139,0.43975767553578216,0.43975767553578216,223.84000395401625
7140,0.44663278970733822,0.44663278970733822,224.36325329665769
7141,0.44569710210781555,0.44569710210781555,226.09710533081247
7142,0.44653060234409753,0.44653060234409753,224.67984777696901
7143,0.45306602853366434,0.45306602853366434,229.44301501550999
7144,0.44337385508313532,0.44337385508313532,225.45180866543143
7145,0.43632898960689798,0.43632898960689798,222.36756848592381
7146,0.43905341217029903,0.43905341217029903,223.1519719914545
7147,0.44140058037321961,0.44140058037321961,225.13822295430941
7148,0.43933224165998663,0.43933224165998663,225.18512846434987
7149,0.45011841018477544,0.45011841018477544,227.19315056692184
7150,0.44435427106427944,0.44435427106427944,224.33353986662715
7151,0.43566932853934492,0.43566932853934492,219.84067342382735
7152,0.44792930498551958,0.44792930498551958,226.53138866010164
7153,0.44349120874833714,0.44349120874833714,225.26127612932723
7154,0.44451979829181437,0.44451979829181437,226.77379069215073
7155,0.44737648008329056,0.44737648008329056,227.05862932182214
7156,0.43922558771819542,0.43922558771819542,224.56648921079062
7157,0.43444015965884486,0.43444015965884486,219.54674477692569
7158,0.43821065236952333,0.43821065236952333,222.64726934101532
7159,0.43167134081822783,0.43167134081822783,221.96736532881792
7160,0.43867413819189532,0.43867413819189532,223.45594836231058
7161,0.44334076046687959,0.44334076046687959,227.61438470082379
7162,0.43622831960354153,0.43622831960354153,224.97575373317312
7163,0.43593242629575607,0.43593242629575607,225.50508748383601
7164,0.43748142249504091,0.43748142249504091,221.04289847175428
7165,0.44150193250547287,0.44150193250547287,226.89382554585274
7166,0.44586853270110793,0.44586853270110793,228.81452269964538
7167,0.44328183974984958,0.44328183974984958,226.90503894692893
7168,0.43581200250019742,0.43581200250019742,223.00959966610981
7169,0.43859632671373266,0.43859632671373266,223.80991944462212
7170,0.440341600366839,0.440341600366839,225.5168388325736
7171,0.43764236251533684,0.43764236251533684,223.23912173777867
7172,0.4454749077830612,0.4454749077830612,225.82563232357643
7173,0.44323955552513861,0.44323955552513861,224.12354324954339
7174,0.4352789915000832,0.4352789915000832,224.41518792937305
7175,0.43549278317189055,0.43549278317189055,223.5506205914534
7176,0.43209639949364814,0.43209639949364814,222.77181505027869
7177,0.43490868133688687,0.43490868133688687,224.82518013088003
7178,0.42831825177974636,0.42831825177974636,222.82344193715966
7179,0.42379108382692615,0.42379108382692615,220.18025500032658
7180,0.43382695823496009,0.43382695823496009,224.66974010466029
7181,0.42629456744471,0.42629456744471,220.25686014442644
7182,0.43047815486913671,0.43047815486913671,222.12388749420151
7183,0.42941677480311125,0.42941677480311125,221.69069570580714
7184,0.43508521946851147,0.43508521946851147,223.74006957901133
7185,0.44577860349065024,0.44577860349065024,225.66460510448104
7186,0.44324800454424274,0.44324800454424274,225.30427984891531
7187,0.44113715926957242,0.44113715926957242,224.21557422611099
7188,0.43999370110513603,0.43999370110513603,224.65283781845574
7189,0.44794417543965437,0.44794417543965437,226.86287079800519
7190,0.4364869449449692,0.4364869449449692,221.96595197805897
7191,0.436105500809011,0.436105500809011,222.33035925094859
7192,0.44460772502784573,0.44460772502784573,224.99236255263153
7193,0.44425660217741403,0.44425660217741403,225.48369725995266
7194,0.43220535652805658,0.43220535652805658,220.33472966550372
7195,0.44431277593564322,0.44431277593564322,225.18015482989244
7196,0.45474360510549072,0.45474360510549072,229.13894146726847
7197,0.44779862062041609,0.44779862062041609,225.51416850922004
7198,0.45284791864599666,0.45284791864599666,228.82171958857947
7199,0.44077559845792491,0.44077559845792491,221.20114907072761
7200,0.44710866635100766,0.44710866635100766,227.76365036315229
7201,0.44153763325252038,0.44153763325252038,225.49897509271349
7202,0.4435168068933163,0.4435168068933163,225.41017924839986
7203,0.43831740960847565,0.43831740960847565,224.11039323404708
7204,0.44308148042562834,0.44308148042562834,226.12517770744839
7205,0.45354918612209139,0.45354918612209139,227.15436432339675
7206,0.442494126635751,0.442494126635751,226.65637852613332
7207,0.44363863676148341,0.44363863676148341,226.176895364666
7208,0.45413855311949647,0.45413855311949647,231.32004898187711
7209,0.45119723354569902,0.45119723354569902,227.04482254426051
7210,0.45184351249656424,0.45184351249656424,228.74981000360066
7211,0.44546231848506779,0.44546231848506779,225.7984408707992
7212,0.44253504063132604,0.44253504063132604,225.17869068900282
7213,0.44788961992017329,0.44788961992017329,226.68425431754477
7214,0.44507436662216887,0.44507436662216887,226.41274499973679
7215,0.43182339629262473,0.43182339629262473,220.94489133035032
7216,0.44729338364087273,0.44729338364087273,227.04309756996599
7217,0.43361752597017372,0.43361752597017372,222.16959378597318
7218,0.44265704817633766,0.44265704817633766,226.63903406612022
7219,0.44136297688443982,0.44136297688443982,225.71275680711119
7220,0.43495727233373904,0.43495727233373904,221.4594011711099
7221,0.44458429659868043,0.44458429659868043,224.89125415561776
7222,0.44779285265296398,0.44779285265296398,226.47290683075667
7223,0.45046023673292196,0.45046023673292196,227.31773622480387
7224,0.44800136625733067,0.44800136625733067,228.08687709690858
7225,0.45350439276233107,0.45350439276233107,229.40149184747111
7226,0.45388875974532877,0.45388875974532877,230.20389312297834
7227,0.45296491899197555,0.45296491899197555,229.44822788910795
7228,0.44569326118555452,0.44569326118555452,228.31363538962009
7229,0.44397317142415071,0.44397317142415071,225.50699794533003
7230,0.44714764112891314,0.44714764112891314,226.87910676190853
7231,0.45620768280618396,0.45620768280618396,230.50968982793455
7232,0.44793591861497423,0.44793591861497423,227.80792295405635
7233,0.44565350773270518,0.44565350773270518,227.10833432375534
7234,0.44769147966102968,0.44769147966102968,228.83586780449272
7235,0.44646590695802219,0.44646590695802219,229.80266118959452
7236,0.43288172947671055,0.43288172947671055,222.2694134085863
7237,0.44402088110680138,0.44402088110680138,226.25730310904092
7238,0.43853262153216066,0.43853262153216066,225.52576054061478
7239,0.43985645559094538,0.43985645559094538,225.0113612446014
7240,0.42966402457359765,0.42966402457359765,220.74215224720984
7241,0.44010798670012463,0.44010798670012463,225.32688910810992
7242,0.4405801360950295,0.4405801360950295,224.65837614212333
7243,0.44805131826002409,0.44805131826002409,226.76566421405687
7244,0.44263229477458099,0.44263229477458099,225.84131821464416
7245,0.44714323609348411,0.44714323609348411,226.05735485403193
7246,0.44597275327402047,0.44597275327402047,225.93530332715289
7247,0.44435174442049996,0.44435174442049996,224.81420957273335
7248,0.44789783231854985,0.44789783231854985,224.81696294628165
7249,0.44752265045366502,0.44752265045366502,227.28735230565616
7250,0.44480211073294856,0.44480211073294856,224.74478018584665
7251,0.45012298879803375,0.45012298879803375,228.38641978964748
7252,0.45198615142483156,0.45198615142483156,229.55835051773457
7253,0.44993900740099013,0.44993900740099013,228.94646838821683
7254,0.4449891724813414,0.4449891724813414,227.57024455298824
7255,0.4516638550015748,0.4516638550015748,229.88208506291826
7256,0.44766919494379798,0.44766919494379798,226.47318971209819
7257,0.44885123097224638,0.44885123097224638,227.88192804337777
7258,0.44975128515717511,0.44975128515717511,229.68490355487501
7259,0.44524715609878684,0.44524715609878684,225.90405174849099
7260,0.44627003443600238,0.44627003443600238,228.02183086792374
7261,0.4355313845794645,0.4355313845794645,221.16473879153736
7262,0.44191131053261062,0.44191131053261062,227.68695317341582
7263,0.43884875863891037,0.43884875863891037,223.94435787118817
7264,0.44788796872125064,0.44788796872125064,227.72067317964962
7265,0.44576411247842157,0.44576411247842157,226.14587126794112
7266,0.44337837980322342,0.44337837980322342,226.89879774347696
7267,0.44216401849886261,0.44216401849886261,226.61374229655303
7268,0.44096803323563982,0.44096803323563982,228.47692698160222
7269,0.44985333192051824,0.44985333192051824,227.47382380419648
7270,0.45088911632887729,0.45088911632887729,228.28793005058043
7271,0.45292149621289218,0.45292149621289218,229.99804887991203
7272,0.45805806345361094,0.45805806345361094,231.40323523817469
7273,0.45837939461234833,0.45837939461234833,229.56996858797146
7274,0.45624560246876722,0.45624560246876722,231.53508900718899
7275,0.45346481849698411,0.45346481849698411,227.9967735853142
7276,0.4571606857716507,0.4571606857716507,230.1800759408421
7277,0.45350885916551287,0.45350885916551287,227.86467823839439
7278,0.45266412468593786,0.45266412468593786,230.53456724595563
7279,0.45890513419678386,0.45890513419678386,232.43885648059845
7280,0.45695280667969113,0.45695280667969113,231.93244691492418
7281,0.44614026769245285,0.44614026769245285,227.55768409531646
7282,0.45525548920457715,0.45525548920457715,229.50233522896414
7283,0.4565873580056814,0.4565873580056814,231.05890486168906
7284,0.45933274156821946,0.45933274156821946,230.85306184422407
7285,0.45243998958377379,0.45243998958377379,228.50545271831325
7286,0.45724017525558613,0.45724017525558613,232.18601491181306
7287,0.45247214883471198,0.45247214883471198,229.69279993854207
7288,0.44356262023602061,0.44356262023602061,224.49896190694534
7289,0.44445644186012528,0.44445644186012528,226.07391559817444
7290,0.45493865207583789,0.45493865207583789,228.99584335679134
7291,0.45261428890549149,0.45261428890549149,230.56449739687486
7292,0.45396745919876536,0.45396745919876536,226.78859794337535
7293,0.4466408749706739,0.4466408749706739,225.7717306345277
7294,0.44534126392735224,0.44534126392735224,225.57605696560213
7295,0.44820746563437364,0.44820746563437364,226.31826490093908
7296,0.45120886609218297,0.45120886609218297,228.50910975762741
7297,0.45420776315637656,0.45420776315637656,228.55482736095968
7298,0.43405479144473269,0.43405479144473269,221.25771011347706
7299,0.43574195693606432,0.43574195693606432,220.63893122631833
7300,0.45129518961489234,0.45129518961489234,231.38384261069919
7301,0.4385238082327011,0.4385238082327011,223.94732532467657
7302,0.4408351490804977,0.4408351490804977,222.60087290445955
7303,0.43714173289878755,0.43714173289878755,222.79228635489136
7304,0.44815132028792898,0.44815132028792898,228.09445243984811
7305,0.44227727591773824,0.44227727591773824,226.37670037465801
7306,0.44345791643580784,0.44345791643580784,227.30628223133817
7307,0.45038477124127346,0.45038477124127346,226.46367030197206
7308,0.44480930929262047,0.44480930929262047,226.6783285019566
7309,0.44888182008291305,0.44888182008291305,225.67670443366643
7310,0.44833971367416386,0.44833971367416386,227.02703474948757
7311,0.44878434779482995,0.44878434779482995,226.97443984379089
7312,0.45634095573880701,0.45634095573880701,229.35417312778978
7313,0.45920206263428698,0.45920206263428698,229.39623576841001
7314,0.45926584180961116,0.45926584180961116,229.9272504560422
7315,0.46238711614630945,0.46238711614630945,233.1801888773667
7316,0.453412014190753,0.453412014190753,229.40808763291588
7317,0.45340224168927412,0.45340224168927412,229.1031487190036
7318,0.45590201050520196,0.45590201050520196,230.21812254917614
7319,0.45151588951208677,0.45151588951208677,227.03117890236499
7320,0.44174784433502101,0.44174784433502101,225.69688327919374
7321,0.44977521628604739,0.44977521628604739,229.77076639368676
7322,0.4476319730125497,0.4476319730125497,226.02109454154484
7323,0.44395683494736415,0.44395683494736415,224.95749473007481
7324,0.43335206848401553,0.43335206848401553,219.22291854447752
7325,0.44874491330566979,0.44874491330566979,229.56308713163588
7326,0.45127615525254539,0.45127615525254539,229.45800490278788
7327,0.44654816946210418,0.44654816946210418,227.6157105737976
7328,0.44332798123724493,0.44332798123724493,225.46224807061199
7329,0.44582684159009139,0.44582684159009139,225.338380631098
7330,0.45033986529943332,0.45033986529943332,228.75898772535612
7331,0.42876026615169749,0.42876026615169749,217.50062138189355
7332,0.43878868286685513,0.43878868286685513,221.51579055487622
7333,0.44739303038728007,0.44739303038728007,228.98919600358016
7334,0.43839594481345756,0.43839594481345756,221.9886197988132
7335,0.43886755992810106,0.43886755992810106,223.02087473846913
7336,0.44773816241472614,0.44773816241472614,228.08801237647268
7337,0.4468842073971066,0.4468842073971066,226.20118354330666
7338,0.44229953494108037,0.44229953494108037,223.40618232261505
7339,0.43926827375156002,0.43926827375156002,223.208879775821
7340,0.43905967750685837,0.43905967750685837,224.72967940915072
7341,0.44595359504027543,0.44595359504027543,226.57666732725792
7342,0.44881406248374878,0.44881406248374878,225.0570744510222
7343,0.44562019741023012,0.44562019741023012,223.01066402691475
7344,0.43873329691007534,0.43873329691007534,221.57369631536153
7345,0.4389273781440971,0.4389273781440971,222.57028521799811
7346,0.44203427667597861,0.44203427667597861,225.97219191916966
7347,0.43378939946600037,0.43378939946600037,222.46853835793181
7348,0.4397343398180924,0.4397343398180924,225.42139463351995
7349,0.43490062591511275,0.43490062591511275,222.75713761152809
7350,0.42580664056518625,0.42580664056518625,219.21482263292756
7351,0.43570579490709849,0.43570579490709849,224.22575079478338
7352,0.43832263076922134,0.43832263076922134,222.36417885194913
7353,0.4436114177862468,0.4436114177862468,223.74571019019277
7354,0.45150096981827714,0.45150096981827714,227.95808963763562
7355,0.44958839637342318,0.44958839637342318,225.73707629375681
7356,0.44603566932372429,0.44603566932372429,224.8643597895751
7357,0.44886739387830243,0.44886739387830243,224.1773720459843
7358,0.44919090927930155,0.44919090927930155,224.88485478264352
7359,0.44720373100156463,0.44720373100156463,226.7233833638567
7360,0.4316936647211711,0.4316936647211711,221.58723216239645
7361,0.43784481659226049,0.43784481659226049,223.0307736429711
7362,0.44135830995057102,0.44135830995057102,224.84220379556314
7363,0.44081091100966507,0.44081091100966507,224.07671863413262
7364,0.44898215798911395,0.44898215798911395,227.59724289405671
7365,0.4508316915668697,0.4508316915668697,226.99730613128818
7366,0.45551342193525723,0.45551342193525723,227.85299939868401
7367,0.44978618593359021,0.44978618593359021,225.95225802571775
7368,0.44713050901673335,0.44713050901673335,226.12887837818681
7369,0.43838283976294862,0.43838283976294862,220.83060433249329
7370,0.43994155395358953,0.43994155395358953,222.79656387456185
7371,0.43772454715624898,0.43772454715624898,221.59341758413339
7372,0.44530236437529913,0.44530236437529913,223.36775191980459
7373,0.44477147973541059,0.44477147973541059,225.58949610961173
7374,0.45187371170753299,0.45187371170753299,227.83359586556426
7375,0.44122177223041142,0.44122177223041142,221.92570671426506
7376,0.44080053013320841,0.44080053013320841,224.35993389757337
7377,0.42785884806605462,0.42785884806605462,219.24830476344727
7378,0.43049473950999656,0.43049473950999656,218.63690794786902
7379,0.43636790781280793,0.43636790781280793,222.54237794669251
7380,0.44337815307102879,0.44337815307102879,222.20372916493434
7381,0.44180969201181053,0.44180969201181053,222.11844949318919
7382,0.44991756996299986,0.44991756996299986,228.99984384667488
7383,0.44456820280247056,0.44456820280247056,223.47680284771113
7384,0.44067253024510211,0.44067253024510211,224.09816643596361
7385,0.45606012378085703,0.45606012378085703,227.99403418410279
7386,0.44933483171971061,0.44933483171971061,225.03357590660298
7387,0.44125130527745215,0.44125130527745215,223.58596735049036
7388,0.44481673730763005,0.44481673730763005,224.84368631759949
7389,0.43760169931424719,0.43760169931424719,221.23848392600198
7390,0.43384636275392091,0.43384636275392091,219.62456417001641
7391,0.44449981909677472,0.44449981909677472,223.94575752445172
7392,0.44034320321240622,0.44034320321240622,221.95855982991867
7393,0.44019846027525056,0.44019846027525056,220.2000971279916
7394,0.44109138070354986,0.44109138070354986,223.46576678325096
7395,0.44671513690540871,0.44671513690540871,226.87019428113393
7396,0.45432315279871194,0.45432315279871194,228.41265601093602
7397,0.44645569289290199,0.44645569289290199,223.78942923162336
7398,0.44286055253143253,0.44286055253143253,226.18317897614847
7399,0.44946400727627028,0.44946400727627028,227.64569827208643
7400,0.43378660541197622,0.43378660541197622,221.96576741764551
7401,0.42967215366538963,0.42967215366538963,220.57924229338681
7402,0.43376024549916636,0.43376024549916636,222.6705650237509
7403,0.43616424317094465,0.43616424317094465,220.66319033657587
7404,0.43080391835182752,0.43080391835182752,220.78594024178204
7405,0.43632534055730599,0.43632534055730599,222.98212457241624
7406,0.44380747790227104,0.44380747790227104,223.2602040830443
7407,0.43557685466504248,0.43557685466504248,222.72087102481706
7408,0.42883488421130761,0.42883488421130761,221.78546012126677
7409,0.42860725983826581,0.42860725983826581,219.58541248125138
7410,0.42766147330557852,0.42766147330557852,219.57434882467328
7411,0.43255727870741156,0.43255727870741156,222.65695464806186
7412,0.42438566107573994,0.42438566107573994,217.87062276812077
7413,0.42472065812481763,0.42472065812481763,220.96441941266716
7414,0.4252418253259444,0.4252418253259444,221.73262090736057
7415,0.42558558602642693,0.42558558602642693,218.48157076618887
7416,0.43186345056511416,0.43186345056511416,224.09981125512414
7417,0.42517341119927182,0.42517341119927182,220.39623572696047
7418,0.42662404189481962,0.42662404189481962,218.3075918629076
7419,0.42730875888862652,0.42730875888862652,218.14235192497145
7420,0.42651053064237071,0.42651053064237071,219.45403450238678
7421,0.42602961836128139,0.42602961836128139,219.80117795171941
7422,0.43594530096638573,0.43594530096638573,222.30610726547889
7423,0.43622136949107515,0.43622136949107515,221.49504391713427
7424,0.43923660981814061,0.43923660981814061,223.00187603036292
7425,0.43580617409023309,0.43580617409023309,221.50935509746077
7426,0.43516676735309956,0.43516676735309956,219.35347863369981
7427,0.4372474313782474,0.4372474313782474,220.60202200413715
7428,0.44130319043158384,0.44130319043158384,224.57068580521158
7429,0.4364964027320557,0.4364964027320557,222.28376829327331
7430,0.44085585557975848,0.44085585557975848,222.16930793894986
7431,0.4501657375624169,0.4501657375624169,224.07340668787529
7432,0.43626052318521219,0.43626052318521219,222.24945476703459
7433,0.43057676178410437,0.43057676178410437,221.90930668166533
7434,0.43983515507487975,0.43983515507487975,224.62397971883723
7435,0.43262237696076056,0.43262237696076056,222.96480048041681
7436,0.43212778025117532,0.43212778025117532,221.78356788352684
7437,0.43978441563256243,0.43978441563256243,226.40883046448616
7438,0.43924510192119737,0.43924510192119737,221.66414745866535
7439,0.43124973345912504,0.43124973345912504,221.75301575347174
7440,0.42960358663328713,0.42960358663328713,220.51320967306256
7441,0.44080486122569978,0.44080486122569978,223.43237251154937
7442,0.44442109671265079,0.44442109671265079,225.89831335032264
7443,0.43852705519297402,0.43852705519297402,221.78176808000768
7444,0.43093948092969275,0.43093948092969275,218.51677515963587
7445,0.42477786811804386,0.42477786811804386,216.65177259077063
7446,0.43484108459428644,0.43484108459428644,221.1085410200717
7447,0.44127651428210213,0.44127651428210213,225.3444119509731
7448,0.42729064103456321,0.42729064103456321,218.86822301160728
7449,0.44050385862879038,0.44050385862879038,223.10435794309188
7450,0.43515397802459665,0.43515397802459665,221.892515726488
7451,0.44486598716830433,0.44486598716830433,225.32823240190828
7452,0.440985439737556,0.440985439737556,223.75453315669
7453,0.4420143640768085,0.4420143640768085,223.9866694585603
7454,0.44371166356406588,0.44371166356406588,225.01547442005386
7455,0.44319051153014677,0.44319051153014677,223.4233026749917
7456,0.44391055147603886,0.44391055147603886,221.93305336923495
7457,0.43472062845714599,0.43472062845714599,219.80152994585896
7458,0.44249200794616472,0.44249200794616472,223.02611509225181
7459,0.43858198154775208,0.43858198154775208,221.09004514542499
7460,0.43585168384362583,0.43585168384362583,220.09006998706423
7461,0.44867427224500445,0.44867427224500445,225.20302924600392
7462,0.43404504703981289,0.43404504703981289,217.80531313187021
7463,0.43619676617996134,0.43619676617996134,220.32479976781488
7464,0.44715757426760144,0.44715757426760144,225.60981068352726
7465,0.44290419549889704,0.44290419549889704,223.72314147830448
7466,0.4462800127385142,0.4462800127385142,225.16890135830141
7467,0.44513579980575957,0.44513579980575957,225.56885006022191
7468,0.44044969691592223,0.44044969691592223,222.9631071573499
7469,0.44430798140541883,0.44430798140541883,225.34680505518381
7470,0.44520100824609088,0.44520100824609088,222.11046572465193
7471,0.44098999836126673,0.44098999836126673,222.48930979981077
7472,0.4431219988115685,0.4431219988115685,223.15624539321215
7473,0.44685349233906396,0.44685349233906396,223.09968379108176
7474,0.45337281151435749,0.45337281151435749,226.27210791502029
7475,0.4419995941223821,0.4419995941223821,222.79220679787835
7476,0.43729484117341305,0.43729484117341305,220.71408006284054
7477,0.44570816103068883,0.44570816103068883,224.67506870383485
7478,0.44021337205235767,0.44021337205235767,220.14536590513762
7479,0.44061982504014646,0.44061982504014646,222.22346618570501
7480,0.44111849769874889,0.44111849769874889,224.32004608804178
7481,0.44219846810567348,0.44219846810567348,221.76648069321556
7482,0.44658366988693698,0.44658366988693698,223.24082577556948
7483,0.44973939064679785,0.44973939064679785,225.58205311345787
7484,0.44457140182135646,0.44457140182135646,223.66817685297536
7485,0.44899041124726702,0.44899041124726702,225.25256391389621
7486,0.44893613323756532,0.44893613323756532,225.37775558976213
7487,0.44227224079725369,0.44227224079725369,221.70255522976814
7488,0.44022430581315958,0.44022430581315958,219.54234191297914
7489,0.44848255048290603,0.44848255048290603,223.44671026888713
7490,0.44785843412829845,0.44785843412829845,223.70092576833267
7491,0.44422756099499805,0.44422756099499805,220.67118273241022
7492,0.45804912139843629,0.45804912139843629,225.23924016184733
7493,0.45430765081522556,0.45430765081522556,223.52074425347092
7494,0.44838174309017098,0.44838174309017098,221.4184372147281
7495,0.45004172120924812,0.45004172120924812,225.1377479686802
7496,0.43519275277265218,0.43519275277265218,219.05916741161818
7497,0.44589936455606205,0.44589936455606205,224.42478304706538
7498,0.44095550554361795,0.44095550554361795,222.58696099139416
7499,0.43859409146755646,0.43859409146755646,221.48303466803813
7500,0.44408624676264818,0.44408624676264818,221.65072119927964
7501,0.4533559292744867,0.4533559292744867,226.49374204834484
7502,0.45432812743941769,0.45432812743941769,227.21703657050944
7503,0.45486929480284222,0.45486929480284222,224.92146908862941
7504,0.4538074593265079,0.4538074593265079,223.84017343202845
7505,0.4518657861542133,0.4518657861542133,225.42309456090334
7506,0.44984036457595666,0.44984036457595666,223.75176385861499
7507,0.45263127005933035,0.45263127005933035,224.29519757419598
7508,0.44984127960722953,0.44984127960722953,223.92891877942492
7509,0.43497099711460852,0.43497099711460852,218.46528377357771
7510,0.4443713449967982,0.4443713449967982,223.94330782743356
7511,0.44267840355703347,0.44267840355703347,222.8736028377954
7512,0.43934557100490357,0.43934557100490357,219.21060456772904
7513,0.43522827627851396,0.43522827627851396,220.90701129045115
7514,0.44754917985010501,0.44754917985010501,221.80065325983173
7515,0.4490733494429488,0.4490733494429488,223.5351448073323
7516,0.44491430347858218,0.44491430347858218,222.52093908956348
7517,0.44570307444715718,0.44570307444715718,223.15929743441157
7518,0.43685983462221295,0.43685983462221295,220.15227387973886
7519,0.43808700632905095,0.43808700632905095,221.86550717977644
7520,0.43995244110511705,0.43995244110511705,221.24362658938975
7521,0.44591617256428534,0.44591617256428534,222.86373393692503
7522,0.44108781460802327,0.44108781460802327,220.27973896624385
7523,0.44634037408790939,0.44634037408790939,219.74579561186314
7524,0.45159508632703294,0.45159508632703294,225.23594394660375
7525,0.44440737659402296,0.44440737659402296,221.13992586575029
7526,0.44577955452764229,0.44577955452764229,223.74873489668295
7527,0.44385159053154466,0.44385159053154466,223.15131589238428
7528,0.43662364290636102,0.43662364290636102,219.99935611235492
7529,0.43994328709901798,0.43994328709901798,221.52956772032627
7530,0.43451739889545432,0.43451739889545432,218.05294680847464
7531,0.43882209392558214,0.43882209392558214,221.4979562291156
7532,0.43938512003250968,0.43938512003250968,223.57757763556356
7533,0.43671413294911571,0.43671413294911571,221.36467046068429
7534,0.44596922932203398,0.44596922932203398,225.64796505111426
7535,0.43790434914123821,0.43790434914123821,222.03403259253156
7536,0.43841717859395291,0.43841717859395291,222.74746086340207
7537,0.43172781674229793,0.43172781674229793,217.61385304422197
7538,0.43481231644141072,0.43481231644141072,219.16069215085545
7539,0.43606125327428924,0.43606125327428924,220.1897872026187
7540,0.42926359939644687,0.42926359939644687,217.7060699278905
7541,0.42652679794357162,0.42652679794357162,214.1322599090127
7542,0.42485938207637963,0.42485938207637963,217.34364057435377
7543,0.43749612688267075,0.43749612688267075,220.90779378429005
7544,0.42947738073743624,0.42947738073743624,215.02922764053324
7545,0.42867524601139184,0.42867524601139184,215.28510610478793
7546,0.42990167230666226,0.42990167230666226,217.69296768866806
7547,0.42715319378546879,0.42715319378546879,217.37488459770367
7548,0.43120051703881934,0.43120051703881934,218.25789228319667
7549,0.42909370596816421,0.42909370596816421,216.40845243473578
7550,0.43492612321174906,0.43492612321174906,219.17451898100586
7551,0.42941582642340687,0.42941582642340687,217.54116141991767
7552,0.43174797760765299,0.43174797760765299,217.62482312320191
7553,0.42289416411208941,0.42289416411208941,213.47018614915936
7554,0.42793778120774534,0.42793778120774534,214.98609770146317
7555,0.42232216680854623,0.42232216680854623,215.16643739031355
7556,0.42888106573329693,0.42888106573329693,215.43842133685507
7557,0.41792094692627024,0.41792094692627024,212.21384353526864
7558,0.43231972524083384,0.43231972524083384,216.88951686038345
7559,0.42471323591801546,0.42471323591801546,215.09652322067268
7560,0.43181004602209827,0.43181004602209827,216.81470330489796
7561,0.42966320704012595,0.42966320704012595,217.45649798153255
7562,0.43720127558956134,0.43720127558956134,220.94953421900732
7563,0.42046858937022036,0.42046858937022036,212.48637367632742
7564,0.43309488945203267,0.43309488945203267,218.64349804643362
7565,0.4391055188724266,0.4391055188724266,218.36070963507814
7566,0.43921680938844671,0.43921680938844671,219.07237468395951
7567,0.43722172272715942,0.43722172272715942,221.50352718736022
7568,0.44584361387594579,0.44584361387594579,223.70015747131256
7569,0.43726797956149455,0.43726797956149455,219.4315958337792
7570,0.44680301793122323,0.44680301793122323,221.37048888027775
7571,0.44139435477549138,0.44139435477549138,221.04960836955564
7572,0.43603009678911064,0.43603009678911064,220.99892573475836
7573,0.43216220443280706,0.43216220443280706,218.11335793803377
7574,0.44617131638209589,0.44617131638209589,225.36386197648181
7575,0.4323235684957587,0.4323235684957587,217.27269515492111
7576,0.4400209817391908,0.4400209817391908,223.34615659044326
7577,0.43204328595571589,0.43204328595571589,218.84537697469764
7578,0.43034762790497894,0.43034762790497894,219.89779730354212
7579,0.43128273672627709,0.43128273672627709,217.4510686515188
7580,0.42382606957560992,0.42382606957560992,218.22352738224384
7581,0.42482572796017737,0.42482572796017737,218.11083565628982
7582,0.42326745113696107,0.42326745113696107,214.34181702657719
7583,0.41666367826444761,0.41666367826444761,213.44102796541793
7584,0.41594310954789177,0.41594310954789177,213.13174259812143
7585,0.42843398751383399,0.42843398751383399,216.33862793871086
7586,0.42731725234846429,0.42731725234846429,217.0436477676736
7587,0.42693661061120147,0.42693661061120147,215.19312717398967
7588,0.42992298114772831,0.42992298114772831,217.92813308550279
7589,0.43066819383320726,0.43066819383320726,217.11754705944924
7590,0.43058518192615852,0.43058518192615852,217.61559516705793
7591,0.42794400840062607,0.42794400840062607,215.82946677455485
7592,0.42970716950122972,0.42970716950122972,216.01563950454948
7593,0.44062620449503631,0.44062620449503631,220.06261354127963
7594,0.44214707728497088,0.44214707728497088,220.91012138946175
7595,0.43090716841818183,0.43090716841818183,218.55590050258019
7596,0.42766206182532118,0.42766206182532118,217.94574104229551
7597,0.42586151505875486,0.42586151505875486,214.71212938046565
7598,0.42036770404468921,0.42036770404468921,214.21757286807588
7599,0.43374536379928019,0.43374536379928019,218.03870509349599
7600,0.4271502116509554,0.4271502116509554,217.14605110825013
7601,0.43065157077940242,0.43065157077940242,217.56147044605328
7602,0.43336186051896908,0.43336186051896908,217.72818571041407
7603,0.43859243596423941,0.43859243596423941,221.5209271586852
7604,0.429339420850961,0.429339420850961,217.19838708005926
7605,0.43464618504016556,0.43464618504016556,218.16429020077007
7606,0.44398277297235617,0.44398277297235617,222.81354014155076
7607,0.44220698691985688,0.44220698691985688,221.92080315246093
7608,0.43498567777707786,0.43498567777707786,219.00070716659565
7609,0.43408882406731619,0.43408882406731619,217.47933471846645
7610,0.43444770259710763,0.43444770259710763,220.37133622556044
7611,0.43269698414928143,0.43269698414928143,216.87122433338286
7612,0.43946677968128711,0.43946677968128711,218.71445438710384
7613,0.43849126452003945,0.43849126452003945,222.59223833834238
7614,0.43452927128043672,0.43452927128043672,221.25118269405306
7615,0.43720340146694259,0.43720340146694259,222.0227393922975
7616,0.43041986046647496,0.43041986046647496,218.55599411882281
7617,0.42427326230771367,0.42427326230771367,215.42581456586089
7618,0.43143428005003559,0.43143428005003559,217.86311149520179
7619,0.43717850523403756,0.43717850523403756,218.10454778943176
7620,0.43023796175066709,0.43023796175066709,218.60445241192579
7621,0.43895277676760519,0.43895277676760519,219.04979227826152
7622,0.43221790584318132,0.43221790584318132,218.33112718388233
7623,0.42807191847937903,0.42807191847937903,214.98450368121092
7624,0.43847175036782726,0.43847175036782726,221.55784448239109
7625,0.43637005707273235,0.43637005707273235,219.64202134669239
7626,0.42766785167215859,0.42766785167215859,216.65285009677569
7627,0.42394800770350505,0.42394800770350505,215.20591960950327
7628,0.43247273961343247,0.43247273961343247,217.86728821764956
7629,0.42594293676861722,0.42594293676861722,214.41397641143067
7630,0.4349611076147345,0.4349611076147345,217.88384461439472
7631,0.4270238795093263,0.4270238795093263,215.43782935035961
7632,0.43381873609840466,0.43381873609840466,217.16841359582958
7633,0.4285019176777406,0.4285019176777406,214.47822201030516
7634,0.43027851995026378,0.43027851995026378,216.22138750635173
7635,0.42812993188710802,0.42812993188710802,216.15099753633831
7636,0.43024726398773144,0.43024726398773144,214.71138384994475
7637,0.43566157149981588,0.43566157149981588,217.84851473005261
7638,0.42567850382093803,0.42567850382093803,214.71621229332976
7639,0.42720259765538521,0.42720259765538521,216.91982139049395
7640,0.42406815996272745,0.42406815996272745,213.4165933312724
7641,0.42615320404888457,0.42615320404888457,213.49680324422434
7642,0.42753176294982592,0.42753176294982592,213.45412524034663
7643,0.42229584040903506,0.42229584040903506,211.57580002402801
7644,0.43316404956602172,0.43316404956602172,215.31128103198279
7645,0.43106526782112597,0.43106526782112597,214.13674725282112
7646,0.44370992119376718,0.44370992119376718,220.38679022494293
7647,0.43774465527609818,0.43774465527609818,217.37024348250748
7648,0.43504147382899194,0.43504147382899194,216.47089801099
7649,0.42730844531440165,0.42730844531440165,216.48557883552002
7650,0.42826647403733914,0.42826647403733914,217.74431529495973
7651,0.42686526583840961,0.42686526583840961,217.06081189633832
7652,0.42808762038284964,0.42808762038284964,216.44417107944651
7653,0.42922509065522918,0.42922509065522918,217.20628371174956
7654,0.42697676767906712,0.42697676767906712,217.02059709038016
7655,0.42849768306932046,0.42849768306932046,217.24406924658751
7656,0.43278109484138672,0.43278109484138672,220.9045962749704
7657,0.42712824527394899,0.42712824527394899,217.52202689525615
7658,0.41867864204230953,0.41867864204230953,213.13311530895976
7659,0.42323673404318518,0.42323673404318518,215.57866001339579
7660,0.4284658321768432,0.4284658321768432,218.01415976665004
7661,0.42162662251360317,0.42162662251360317,214.38963976125365
7662,0.42906823972120228,0.42906823972120228,217.75025999471171
7663,0.42971087944668634,0.42971087944668634,218.08035725764339
7664,0.42612241429930764,0.42612241429930764,216.80287319230507
7665,0.4243657670024355,0.4243657670024355,215.38038195446671
7666,0.42726973725469336,0.42726973725469336,215.63720079749427
7667,0.42086036275604399,0.42086036275604399,213.21752428857297
7668,0.43179120877759231,0.43179120877759231,218.04176823486623
7669,0.42931060696090945,0.42931060696090945,216.78598975351983
7670,0.42778569067323735,0.42778569067323735,216.84832395758266
7671,0.43413976534042692,0.43413976534042692,217.69230553213976
7672,0.43046618851515212,0.43046618851515212,217.42179906256229
7673,0.42250299152863047,0.42250299152863047,213.94582881781042
7674,0.42912835710923741,0.42912835710923741,217.92377866216171
7675,0.43488339781821467,0.43488339781821467,219.39938894552725
7676,0.4276317660918495,0.4276317660918495,216.61934102596101
7677,0.4299452483650551,0.4299452483650551,215.52127268257081
7678,0.43479529611861373,0.43479529611861373,219.14510501935689
7679,0.42757250294362353,0.42757250294362353,213.65531061385119
7680,0.43758271633678553,0.43758271633678553,218.08526698065506
7681,0.42988374569551124,0.42988374569551124,217.25569425692683
7682,0.43547754852248283,0.43547754852248283,219.7140833040402
7683,0.44009376771834996,0.44009376771834996,217.58864693728538
7684,0.4339612880128132,0.4339612880128132,219.7897930472146
7685,0.43585165746442023,0.43585165746442023,216.72330027884018
7686,0.43961424218515327,0.43961424218515327,219.99624080711493
7687,0.44258134440793462,0.44258134440793462,220.32110980897579
7688,0.44127480210677217,0.44127480210677217,221.26207142952194
7689,0.4393551934448886,0.4393551934448886,217.02761888675076
7690,0.42876314172759733,0.42876314172759733,216.1020153617888
7691,0.43094160056814179,0.43094160056814179,217.0616361896723
7692,0.42889553408249287,0.42889553408249287,215.80073541733069
7693,0.43118569710420818,0.43118569710420818,217.28637839950392
7694,0.42701113543408475,0.42701113543408475,215.99096791126277
7695,0.42169886825915048,0.42169886825915048,213.66406932211402
7696,0.42717030927230704,0.42717030927230704,213.25457000601764
7697,0.422169385262748,0.422169385262748,213.2734387087105
7698,0.41997566118575741,0.41997566118575741,213.11942735419453
7699,0.43391765062458143,0.43391765062458143,218.56203863600345
7700,0.42766943593040485,0.42766943593040485,216.15638495744844
7701,0.42283269267411444,0.42283269267411444,209.73577590982671
7702,0.42609027133773114,0.42609027133773114,212.23310400387703
7703,0.43098835577480765,0.43098835577480765,218.32289505998656
7704,0.43117383120805231,0.43117383120805231,213.23475063953887
7705,0.42962816719751851,0.42962816719751851,215.35040981155763
7706,0.42471602372768702,0.42471602372768702,211.64233098515751
7707,0.43132676540421039,0.43132676540421039,216.66295677548359
7708,0.43554270249098181,0.43554270249098181,215.86550950929183
7709,0.43420517585007684,0.43420517585007684,216.31840865754663
7710,0.43033724896537223,0.43033724896537223,217.02367809610678
7711,0.42834143781337497,0.42834143781337497,214.39839507779863
7712,0.42505241411870615,0.42505241411870615,214.9049018961949
7713,0.42285218264484659,0.42285218264484659,212.8962486969877
7714,0.42326100072977046,0.42326100072977046,213.45589946341062
7715,0.42399696204916565,0.42399696204916565,214.0978485574596
7716,0.4225421999409778,0.4225421999409778,211.87923410801878
7717,0.43671184848547523,0.43671184848547523,216.11586130125633
7718,0.42986540641034693,0.42986540641034693,213.44722271438209
7719,0.43693605414963937,0.43693605414963937,218.98510760056251
7720,0.42454183549051738,0.42454183549051738,213.71260130997302
7721,0.4206601240296991,0.4206601240296991,212.80712023576567
7722,0.42102483949259872,0.42102483949259872,213.61570888857781
7723,0.42346078707418366,0.42346078707418366,215.07372811432487
7724,0.41766395950379315,0.41766395950379315,212.75308398787485
7725,0.42096960802291816,0.42096960802291816,215.37053851570712
7726,0.41879355322144363,0.41879355322144363,215.00917775724005
7727,0.42239464394867782,0.42239464394867782,215.02325565606793
7728,0.42370864227618626,0.42370864227618626,216.47620047069731
7729,0.43045675212290418,0.43045675212290418,218.29459029717032
7730,0.42562901579693291,0.42562901579693291,214.58706465905507
7731,0.42290876394183136,0.42290876394183136,217.68014602271083
7732,0.42047144997473351,0.42047144997473351,214.33092678822095
7733,0.42483850262429818,0.42483850262429818,216.10160477808267
7734,0.41960406728764355,0.41960406728764355,214.92549338732161
7735,0.41425096843289805,0.41425096843289805,211.97426128416092
7736,0.4201975182037585,0.4201975182037585,213.70296520827566
7737,0.41822469318061933,0.41822469318061933,215.50951059020099
7738,0.41871006769308988,0.41871006769308988,214.37167070991887
7739,0.41988823273197601,0.41988823273197601,215.21738599403662
7740,0.41529196056062628,0.41529196056062628,212.40394621519698
7741,0.41645513104956694,0.41645513104956694,213.07824380532162
7742,0.41287371016849211,0.41287371016849211,213.01590255807196
7743,0.4090342930508612,0.4090342930508612,212.11361399615549
7744,0.40804710495987956,0.40804710495987956,211.38131419813013
7745,0.41706857090011351,0.41706857090011351,215.22933510465154
7746,0.41658182944273331,0.41658182944273331,213.94423129288097
7747,0.40368748611707694,0.40368748611707694,209.79051875079085
7748,0.40804436788574955,0.40804436788574955,211.49538864415459
7749,0.42821213580255257,0.42821213580255257,217.86715392354577
7750,0.41033384659040956,0.41033384659040956,211.68290412842953
7751,0.41266370807025393,0.41266370807025393,214.18876038636313
7752,0.397856549898427,0.397856549898427,207.15853327920331
7753,0.40746367380887544,0.40746367380887544,212.16461099198091
7754,0.41447146801657009,0.41447146801657009,213.68146399023991
7755,0.41193439144538652,0.41193439144538652,212.30810700856046
7756,0.413559047842048,0.413559047842048,213.0143408758957
7757,0.41022755335421285,0.41022755335421285,212.80941261318679
7758,0.42217005118429241,0.42217005118429241,217.55360530680863
7759,0.40948162909147812,0.40948162909147812,210.92286211705908
7760,0.41484215532375107,0.41484215532375107,212.96720359040046
7761,0.41508654001042322,0.41508654001042322,210.05673360161163
7762,0.42540962953382905,0.42540962953382905,215.16022747404025
7763,0.41521291394347559,0.41521291394347559,211.63949922623755
7764,0.42854596411139856,0.42854596411139856,218.52335318469923
7765,0.42410967189279003,0.42410967189279003,214.34440415134372
7766,0.42237425804642548,0.42237425804642548,215.89970818882051
7767,0.42847073541920044,0.42847073541920044,217.14238751034446
7768,0.42455556362842745,0.42455556362842745,214.40248110837041
7769,0.42614530733371192,0.42614530733371192,216.85881312017653
7770,0.43171264717054347,0.43171264717054347,218.81719996608132
7771,0.428162499259434,0.428162499259434,218.84277734092183
7772,0.43074434433879194,0.43074434433879194,218.42707071224237
7773,0.42816645790248503,0.42816645790248503,218.80555556917903
7774,0.43147436710957904,0.43147436710957904,217.78074879421109
7775,0.43660234190437164,0.43660234190437164,221.88826808610156
7776,0.42521613664304264,0.42521613664304264,215.5552351983853
7777,0.43641877256538086,0.43641877256538086,217.83373163292654
7778,0.43790084637992344,0.43790084637992344,221.16421501052204
7779,0.44131197938545019,0.44131197938545019,221.56275174409788
7780,0.43351469976604839,0.43351469976604839,218.52414174927736
7781,0.42388151090092191,0.42388151090092191,215.6781100366903
7782,0.43127413736859327,0.43127413736859327,217.04703686584821
7783,0.4216950488576402,0.4216950488576402,217.71368858256679
7784,0.41652935288108528,0.41652935288108528,213.95989882010926
7785,0.42206214698576583,0.42206214698576583,216.09861803279637
7786,0.42504681897829721,0.42504681897829721,216.93316054780712
7787,0.42084919227827616,0.42084919227827616,216.21462671701957
7788,0.42062417552875342,0.42062417552875342,216.11465225076091
7789,0.42529481035058864,0.42529481035058864,217.38279234886622
7790,0.42800759836240898,0.42800759836240898,217.62024304597202
7791,0.41912935990682731,0.41912935990682731,213.13080255797112
7792,0.42446787586253337,0.42446787586253337,216.60908810146771
7793,0.42629472166081167,0.42629472166081167,217.99664429432104
7794,0.41852152133202997,0.41852152133202997,214.60178452648998
7795,0.41269954364826839,0.41269954364826839,215.12019704049641
7796,0.41790016147461512,0.41790016147461512,213.2431687170928
7797,0.41583390885853405,0.41583390885853405,212.5198755187352
7798,0.4196623581620279,0.4196623581620279,214.84617982340902
7799,0.42209552771648012,0.42209552771648012,214.73022016055739
7800,0.42124623293622399,0.42124623293622399,215.09437309249719
7801,0.42500987667372236,0.42500987667372236,219.11575132918747
7802,0.43260987613728402,0.43260987613728402,220.02714917902659
7803,0.42690668391364311,0.42690668391364311,216.02384355015715
7804,0.43528218264285662,0.43528218264285662,219.58290790364134
7805,0.43367476227163326,0.43367476227163326,218.61185570584007
7806,0.43912313700385502,0.43912313700385502,219.19366440583354
7807,0.44289884869051938,0.44289884869051938,221.62716174656452
7808,0.43045655556825163,0.43045655556825163,217.47052052027806
7809,0.42969199023489935,0.42969199023489935,215.92930078618133
7810,0.43853018761075757,0.43853018761075757,222.03504935845908
7811,0.43539819851274919,0.43539819851274919,220.08209624588289
7812,0.4328021736788778,0.4328021736788778,217.85940972138934
7813,0.42953154163873963,0.42953154163873963,218.19078357130471
7814,0.42712302029743043,0.42712302029743043,212.78120868682922
7815,0.42668189061973294,0.42668189061973294,217.52182491621562
7816,0.42929503794012069,0.42929503794012069,217.83852864275633
7817,0.42733318782397456,0.42733318782397456,219.00797281412446
7818,0.42955716827273493,0.42955716827273493,219.54680306813583
7819,0.43162253679092172,0.43162253679092172,217.73338691722353
7820,0.42465701966546537,0.42465701966546537,214.15382528781848
7821,0.4297030189279088,0.4297030189279088,218.4095366005341
7822,0.43541165060817244,0.43541165060817244,220.2321287549984
7823,0.43679266031422459,0.43679266031422459,220.40752026039041
7824,0.43997291257966581,0.43997291257966581,222.22823938091838
7825,0.44070950702412109,0.44070950702412109,221.95635949656543
7826,0.4318085585116675,0.4318085585116675,215.51142867878357
7827,0.42892471368548241,0.42892471368548241,217.77043400263523
7828,0.43656924372274714,0.43656924372274714,219.94578319303884
7829,0.4299915369562341,0.4299915369562341,217.6228792467632
7830,0.44397644778956274,0.44397644778956274,224.19194329913611
7831,0.44632145902508258,0.44632145902508258,224.2043394183867
7832,0.43684138554646779,0.43684138554646779,216.82471702563967
7833,0.43518011018509883,0.43518011018509883,221.10921001821544
7834,0.42492438484806627,0.42492438484806627,213.33643670580477
7835,0.42848357312378227,0.42848357312378227,217.41662205293946
7836,0.43423804636329077,0.43423804636329077,220.09001664383624
7837,0.43011689008265924,0.43011689008265924,215.99774162039571
7838,0.43730580536247476,0.43730580536247476,220.91381808324473
7839,0.43538448349862513,0.43538448349862513,219.12888863295433
7840,0.4244757109838172,0.4244757109838172,214.49602926897404
7841,0.43754476807908149,0.43754476807908149,220.50709110063954
7842,0.43508334933824971,0.43508334933824971,219.81356757726539
7843,0.43348976477169288,0.43348976477169288,219.19267321175067
7844,0.43338777870907441,0.43338777870907441,220.33026104139626
7845,0.43004651579911657,0.43004651579911657,217.83869794595194
7846,0.42953451748061272,0.42953451748061272,219.89093767915628
7847,0.43228086646072539,0.43228086646072539,220.17018423647028
7848,0.43572722277733911,0.43572722277733911,219.33767133502835
7849,0.4379473763803155,0.4379473763803155,222.86872636994022
7850,0.4285776899282131,0.4285776899282131,215.70995734763363
7851,0.42488953755866216,0.42488953755866216,217.76843796563972
7852,0.41496622600482203,0.41496622600482203,214.19259754000049
7853,0.42064158904296212,0.42064158904296212,215.97483017745066
7854,0.42440773396813414,0.42440773396813414,218.40696646300549
7855,0.42864952932168576,0.42864952932168576,219.83958726121901
7856,0.41910511137771039,0.41910511137771039,214.13477687111612
7857,0.43037005144104035,0.43037005144104035,217.20323997280929
7858,0.43214748377895401,0.43214748377895401,218.14557345457987
7859,0.4348824056558353,0.4348824056558353,220.49597663505136
7860,0.43356855203711103,0.43356855203711103,218.90186503991899
7861,0.41875627710333718,0.41875627710333718,211.59357110600894
7862,0.43361180286399542,0.43361180286399542,220.61778423741998
7863,0.42783800215063517,0.42783800215063517,214.39025398637142
7864,0.42857654125752492,0.42857654125752492,216.10880196435443
7865,0.41823186377162891,0.41823186377162891,214.84021525008046
7866,0.43131550200215962,0.43131550200215962,218.70301512251004
7867,0.41803716661592549,0.41803716661592549,212.28612261727622
7868,0.41960104243533386,0.41960104243533386,213.3554736996004
7869,0.43161393790195335,0.43161393790195335,217.48742984298192
7870,0.42926026686506746,0.42926026686506746,216.68399321572525
7871,0.41860154771316926,0.41860154771316926,213.18936753269651
7872,0.43429275380833443,0.43429275380833443,219.51485235950946
7873,0.44071105292057255,0.44071105292057255,219.02937231848509
7874,0.43518526248015377,0.43518526248015377,219.25965261811848
7875,0.4278075353518852,0.4278075353518852,213.168074150461
7876,0.43254948288428396,0.43254948288428396,221.49627471920653
7877,0.42924531032567065,0.42924531032567065,215.24292667341987
7878,0.43027635304528644,0.43027635304528644,214.12824966363684
7879,0.42340876466770938,0.42340876466770938,215.1379295828188
7880,0.42627591553999206,0.42627591553999206,214.79181879531092
7881,0.43088266428476524,0.43088266428476524,218.15341922039252
7882,0.43124883976940354,0.43124883976940354,216.28644461628087
7883,0.43572400274912237,0.43572400274912237,218.71244793171641
7884,0.43828297239775144,0.43828297239775144,219.03605871176575
7885,0.42794867107260776,0.42794867107260776,214.47076975428391
7886,0.42289189869497451,0.42289189869497451,216.52615460736052
7887,0.42488142363677817,0.42488142363677817,216.41894762927905
7888,0.42807567400461366,0.42807567400461366,217.0917581377349
7889,0.42990265370121572,0.42990265370121572,214.96009521251727
7890,0.43360830433554975,0.43360830433554975,220.54940981644791
7891,0.43030682764403788,0.43030682764403788,217.78189957392425
7892,0.43274508572318232,0.43274508572318232,217.17519361458025
7893,0.42784460237320615,0.42784460237320615,216.64671047621559
7894,0.43030292819019167,0.43030292819019167,220.10857561527783
7895,0.43399413535966058,0.43399413535966058,219.91758828241208
7896,0.42620371282561609,0.42620371282561609,217.11600327023712
7897,0.43045549895260321,0.43045549895260321,217.29796622247855
7898,0.42282314924324604,0.42282314924324604,214.58989492687019
7899,0.43474872660662661,0.43474872660662661,218.76480472449595
7900,0.42830408059848635,0.42830408059848635,218.6654588740023
7901,0.42458784468524857,0.42458784468524857,216.39062450021365
7902,0.42918993132558719,0.42918993132558719,217.34750286909693
7903,0.43648157703298762,0.43648157703298762,219.76364171607352
7904,0.43556956058603546,0.43556956058603546,218.1768197407261
7905,0.43462278034035029,0.43462278034035029,218.43626350719819
7906,0.43986359599833913,0.43986359599833913,221.41453717523964
7907,0.44999438358639532,0.44999438358639532,223.51185582241834
7908,0.45693741826481105,0.45693741826481105,225.98138685014123
7909,0.44811617533966935,0.44811617533966935,223.34149552261843
7910,0.44696163174825887,0.44696163174825887,224.34773295868354
7911,0.44851335424887895,0.44851335424887895,224.54528297552028
7912,0.43675768479396399,0.43675768479396399,220.50178118352565
7913,0.44476946414963664,0.44476946414963664,220.68209687689222
7914,0.43936406441633097,0.43936406441633097,219.14366181533654
7915,0.4390062227906476,0.4390062227906476,220.5587274653455
7916,0.44337958828371871,0.44337958828371871,220.88988507081126
7917,0.44383122834129846,0.44383122834129846,220.9164885845793
7918,0.43639362321053088,0.43639362321053088,218.62920282741484
7919,0.4402447387498139,0.4402447387498139,220.69150122740385
7920,0.43776134411079176,0.43776134411079176,218.94133777694728
7921,0.43498743021487307,0.43498743021487307,218.64518895932957
7922,0.43930289415829638,0.43930289415829638,221.71698339557142
7923,0.43297966541052713,0.43297966541052713,218.45802802674376
7924,0.44149226910609041,0.44149226910609041,221.46182867844541
7925,0.43417416500788358,0.43417416500788358,218.46752435622028
7926,0.42691916002380015,0.42691916002380015,215.70630705073251
7927,0.42890530564300289,0.42890530564300289,215.75882211788499
7928,0.43695344421333882,0.43695344421333882,220.91107627918268
7929,0.42979935941964964,0.42979935941964964,217.23535196159736
7930,0.43317081603402496,0.43317081603402496,216.13357148074039
7931,0.43621628578536875,0.43621628578536875,220.32833520434133
7932,0.43349256172927886,0.43349256172927886,219.88394876342539
7933,0.43247701883956047,0.43247701883956047,216.25965903954778
7934,0.43281581311604356,0.43281581311604356,219.33242596576915
7935,0.43787886448046853,0.43787886448046853,220.27372693157139
7936,0.43070895387413871,0.43070895387413871,218.59807975818461
7937,0.43463436530696453,0.43463436530696453,219.84010342456205
7938,0.43511428982826983,0.43511428982826983,219.23598843649415
7939,0.43237832312010055,0.43237832312010055,220.51369825267344
7940,0.43436709356914455,0.43436709356914455,219.22927279338418
7941,0.43775457171278093,0.43775457171278093,219.86856267605717
7942,0.44137024580574868,0.44137024580574868,221.86589159056356
7943,0.43659535637495245,0.43659535637495245,218.1290505570127
7944,0.43971025389095775,0.43971025389095775,219.60529577755014
7945,0.44128504322899725,0.44128504322899725,221.93772362921109
7946,0.43434958417806036,0.43434958417806036,216.34021535774747
7947,0.43647866691668485,0.43647866691668485,219.56499780658402
7948,0.43923327454230759,0.43923327454230759,220.17588589008719
7949,0.43463246290286134,0.43463246290286134,218.27868211426616
7950,0.44255837706482992,0.44255837706482992,220.91233363119107
7951,0.43579083084196907,0.43579083084196907,219.80143052056619
7952,0.44334858420690793,0.44334858420690793,222.01202672196641
7953,0.43709496270590964,0.43709496270590964,220.22249465249769
7954,0.4359786835613475,0.4359786835613475,218.1601315448624
7955,0.43684989506013139,0.43684989506013139,220.71846317215426
7956,0.42659116907420636,0.42659116907420636,214.73335595267662
7957,0.44049795396459057,0.44049795396459057,221.57443401801319
7958,0.45183813816947793,0.45183813816947793,224.95151990341319
7959,0.44927598054138507,0.44927598054138507,225.33684590079466
7960,0.44659267953706461,0.44659267953706461,223.80287858137859
7961,0.4405359192870405,0.4405359192870405,221.62416988802801
7962,0.4339494596976432,0.4339494596976432,217.11165900908878
7963,0.44293667993703634,0.44293667993703634,221.05996269503493
7964,0.44573546398700348,0.44573546398700348,223.49028900159368
7965,0.44780133865729771,0.44780133865729771,225.99647745121973
7966,0.44827277859932685,0.44827277859932685,223.61526522998847
7967,0.44309180054241198,0.44309180054241198,221.03725331614564
7968,0.44330875671271841,0.44330875671271841,222.00288049027304
7969,0.44218743046698072,0.44218743046698072,221.0889709445816
7970,0.45204791811279127,0.45204791811279127,225.8952175776914
7971,0.45343900059086895,0.45343900059086895,226.96742608189396
7972,0.45310766229648552,0.45310766229648552,225.59339109500405
7973,0.45491153263601525,0.45491153263601525,223.66305388324145
7974,0.4640161219697056,0.4640161219697056,225.31245095541641
7975,0.45481633566899371,0.45481633566899371,226.55212296085816
7976,0.44968821551153876,0.44968821551153876,225.15447304812147
7977,0.45110188903719112,0.45110188903719112,224.17821661791641
7978,0.44985599608581828,0.44985599608581828,224.91041995417623
7979,0.44272868705703433,0.44272868705703433,221.52285621273577
7980,0.44886847640301308,0.44886847640301308,224.18127935213911
7981,0.42734394832972278,0.42734394832972278,216.17791679777633
7982,0.43717417941756143,0.43717417941756143,221.96098765435198
7983,0.436978774738502,0.436978774738502,217.52839087180527
7984,0.4355485988895621,0.4355485988895621,221.98256156705708
7985,0.42967119372247503,0.42967119372247503,220.12471064281263
7986,0.43619005647523884,0.43619005647523884,222.22342697588482
7987,0.44102184823079477,0.44102184823079477,222.62675546396676
7988,0.43402421047845124,0.43402421047845124,218.16913897970093
7989,0.44258692377228143,0.44258692377228143,222.87473145422047
7990,0.44648897909873309,0.44648897909873309,224.2861192525921
7991,0.443432447389569,0.443432447389569,223.16420860448224
7992,0.42970664146603399,0.42970664146603399,216.79103082837545
7993,0.43801054249224364,0.43801054249224364,215.88613990388194
7994,0.44741713301585434,0.44741713301585434,223.64031863837667
7995,0.43882734717749949,0.43882734717749949,219.37858153819329
7996,0.43981346908110908,0.43981346908110908,220.55576125431668
7997,0.44403833874798754,0.44403833874798754,221.64793669400478
7998,0.44954072148546798,0.44954072148546798,224.04725736546797
7999,0.45147970037039797,0.45147970037039797,224.1251494150431
8000,0.44208329324150242,0.44208329324150242,222.00192407135631
8001,0.4555159148249121,0.4555159148249121,226.05705069727213
8002,0.45648861232038512,0.45648861232038512,228.81892854707135
8003,0.45501536970939166,0.45501536970939166,224.91604774322144
8004,0.44560426887048665,0.44560426887048665,221.85541594805582
8005,0.44632881275933933,0.44632881275933933,223.39759341776599
8006,0.45882087191097132,0.45882087191097132,227.55047697532882
8007,0.45831827064358366,0.45831827064358366,228.23929170188353
8008,0.43456851708674415,0.43456851708674415,217.64704891289048
8009,0.44352529606078217,0.44352529606078217,219.61532656266641
8010,0.43790538092498804,0.43790538092498804,218.91682683289537
8011,0.43734703249954593,0.43734703249954593,216.82112848520961
8012,0.44428502672487724,0.44428502672487724,221.50550457725825
8013,0.45058013841465272,0.45058013841465272,225.2930149784932
8014,0.45068514808755183,0.45068514808755183,225.37443867103576
8015,0.44615419511245413,0.44615419511245413,222.6591365703519
8016,0.45413855392033292,0.45413855392033292,226.27635210435216
8017,0.44997538941413956,0.44997538941413956,222.48595576254564
8018,0.45099984354096084,0.45099984354096084,223.75767263753718
8019,0.45742136317698323,0.45742136317698323,226.88148859540723
8020,0.45101502386111525,0.45101502386111525,224.54189353378183
8021,0.44814141406611319,0.44814141406611319,223.37693509811533
8022,0.4610221731407102,0.4610221731407102,229.48505128293164
8023,0.4493074639462572,0.4493074639462572,226.4360518104566
8024,0.45372379973873833,0.45372379973873833,225.27419359617048
8025,0.44757976012812584,0.44757976012812584,221.00107661672072
8026,0.45377830531691077,0.45377830531691077,225.19059388309134
8027,0.43618807633745049,0.43618807633745049,219.59187380246902
8028,0.45100911024127965,0.45100911024127965,225.54790482952313
8029,0.44840544114321057,0.44840544114321057,224.78817263447536
8030,0.44219588710679003,0.44219588710679003,222.62906180275317
8031,0.44750048671982851,0.44750048671982851,223.29171665919853
8032,0.44454468783715811,0.44454468783715811,222.70272134016165
8033,0.44907799816083022,0.44907799816083022,225.31212933308194
8034,0.45645496321238194,0.45645496321238194,227.91639664862223
8035,0.44847112624816143,0.44847112624816143,223.63581895577263
8036,0.44983498434934521,0.44983498434934521,225.54227780700072
8037,0.45365060113714806,0.45365060113714806,223.97309184035575
8038,0.4442153694289307,0.4442153694289307,223.21630834654351
8039,0.44122349796045651,0.44122349796045651,220.99249689061071
8040,0.44134689561776214,0.44134689561776214,220.45394941392539
8041,0.44408419363839391,0.44408419363839391,222.11499374914825
8042,0.43663589684584442,0.43663589684584442,219.84340888673023
8043,0.44329062225061555,0.44329062225061555,223.48191362535962
8044,0.44993659163632815,0.44993659163632815,223.01428834252837
8045,0.45140572096555609,0.45140572096555609,225.53660984631159
8046,0.44573216503983809,0.44573216503983809,222.71871126702817
8047,0.44956688700313296,0.44956688700313296,224.53715251058847
8048,0.448577194816216,0.448577194816216,225.11767852149632
8049,0.44352101127645921,0.44352101127645921,223.18975237811961
8050,0.45053791937205034,0.45053791937205034,224.9335980541172
8051,0.45576745313391626,0.45576745313391626,227.68451903651371
8052,0.44911053604018913,0.44911053604018913,224.41808186099533
8053,0.45216051987832062,0.45216051987832062,224.1665881943787
8054,0.44738238700832972,0.44738238700832972,222.34530100861434
8055,0.4533149267088904,0.4533149267088904,226.1370553542065
8056,0.44409726573221048,0.44409726573221048,220.6002300664064
8057,0.44507803401492574,0.44507803401492574,220.32283048704841
8058,0.45953691019697673,0.45953691019697673,229.00916678366644
8059,0.45525537643477632,0.45525537643477632,225.91595419994232
8060,0.44994185403997167,0.44994185403997167,225.91390718079828
8061,0.45202468606926993,0.45202468606926993,225.81361093935598
8062,0.44578153234996742,0.44578153234996742,223.65027119054849
8063,0.44406228938013309,0.44406228938013309,221.48948104751852
8064,0.45690043203826819,0.45690043203826819,227.85739264944536
8065,0.45287868869159542,0.45287868869159542,226.97639174428883
8066,0.45180754006933038,0.45180754006933038,225.80792797963326
8067,0.45287699185716279,0.45287699185716279,226.16361822500676
8068,0.44831517024012307,0.44831517024012307,222.12558751043517
8069,0.45264022504905305,0.45264022504905305,226.07727008330852
8070,0.44894862417281534,0.44894862417281534,223.30319288194625
8071,0.4460355766315976,0.4460355766315976,223.27720276327801
8072,0.44720937172992253,0.44720937172992253,223.08281777888405
8073,0.44840284496032029,0.44840284496032029,222.69291585268485
8074,0.44228039803039748,0.44228039803039748,221.42811142011016
8075,0.44669950255207114,0.44669950255207114,223.42017539582284
8076,0.45025002227787797,0.45025002227787797,224.2664902101686
8077,0.45154345883263469,0.45154345883263469,224.64081236544081
8078,0.43050424736254822,0.43050424736254822,216.5205085943725
8079,0.447779490963988,0.447779490963988,222.9494772375453
8080,0.44960691721335622,0.44960691721335622,224.38771490531576
8081,0.45284408363188638,0.45284408363188638,226.0071182627581
8082,0.44603734221099167,0.44603734221099167,221.86016083095009
8083,0.44179294071297176,0.44179294071297176,225.64523710647296
8084,0.44399928809577582,0.44399928809577582,225.48075667344892
8085,0.43501911236804469,0.43501911236804469,219.30926677381927
8086,0.44459599963791846,0.44459599963791846,224.6983592811294
8087,0.43879969656762735,0.43879969656762735,220.9153157932779
8088,0.43955654375431202,0.43955654375431202,221.96092911917458
8089,0.43792354158977514,0.43792354158977514,221.07001591422585
8090,0.43986402438457367,0.43986402438457367,221.65121442562562
8091,0.44116336749339602,0.44116336749339602,223.1026383374423
8092,0.43329847315250269,0.43329847315250269,220.21721867195362
8093,0.43984819464107144,0.43984819464107144,220.39211436043169
8094,0.44239883033616662,0.44239883033616662,222.18370702659618
8095,0.4371659236469273,0.4371659236469273,219.40385080904812
8096,0.43899612239190444,0.43899612239190444,220.51744067630011
8097,0.44812974794458826,0.44812974794458826,224.51839283293353
8098,0.4413193771328297,0.4413193771328297,220.36879356573269
8099,0.43831502497140418,0.43831502497140418,219.52525529220648
8100,0.44291712898097374,0.44291712898097374,222.7386745874287
8101,0.44631173770034749,0.44631173770034749,223.22846956705069
8102,0.45013427786945098,0.45013427786945098,225.08481987158399
8103,0.44300442161866538,0.44300442161866538,221.21995207487134
8104,0.43754102471186201,0.43754102471186201,220.71774946135321
8105,0.44395237819101857,0.44395237819101857,221.46211402568292
8106,0.45112582771885645,0.45112582771885645,225.7350527385191
8107,0.44942075224336808,0.44942075224336808,225.1078432002997
8108,0.44165010131865234,0.44165010131865234,221.7632400671599
8109,0.44875631844019043,0.44875631844019043,223.70537747462217
8110,0.44615446565822775,0.44615446565822775,222.90293773399281
8111,0.44958705433699453,0.44958705433699453,223.41475754200792
8112,0.45209521284345683,0.45209521284345683,225.23371497789543
8113,0.4493500304181744,0.4493500304181744,221.60232265507466
8114,0.44449062992094646,0.44449062992094646,221.00386835704012
8115,0.45377762648395281,0.45377762648395281,223.66731243623104
8116,0.45331925511550419,0.45331925511550419,223.4735714944126
8117,0.45826799702266002,0.45826799702266002,225.58247480231699
8118,0.44902252310955637,0.44902252310955637,223.69794854774128
8119,0.45365328541247418,0.45365328541247418,227.30714320257962
8120,0.45269315070682603,0.45269315070682603,226.25508925512014
8121,0.45840918905700401,0.45840918905700401,228.22049295274024
8122,0.4445291610019545,0.4445291610019545,220.83850476771576
8123,0.44458868279541991,0.44458868279541991,221.79175967972975
8124,0.45359443151878009,0.45359443151878009,226.31660159893559
8125,0.44248121542626356,0.44248121542626356,222.2026474004436
8126,0.44837320911133877,0.44837320911133877,224.61792168654583
8127,0.44874558484402433,0.44874558484402433,224.0297193666579
8128,0.44304131869773722,0.44304131869773722,221.44265319860156
8129,0.45000681497713879,0.45000681497713879,223.83004484208897
8130,0.44410423371935337,0.44410423371935337,221.93513693552805
8131,0.45459476044385472,0.45459476044385472,227.49150374846903
8132,0.4476672857598073,0.4476672857598073,224.19305718434617
8133,0.44657898298261117,0.44657898298261117,223.04168094278785
8134,0.45130756465293792,0.45130756465293792,226.16545216771132
8135,0.4567057436766867,0.4567057436766867,226.5286955708697
8136,0.45670356242480725,0.45670356242480725,227.0196097090265
8137,0.45599974458530718,0.45599974458530718,226.4904980368712
8138,0.45691356387898885,0.45691356387898885,227.398496646372
8139,0.45937514796235296,0.45937514796235296,228.07086554390511
8140,0.46472732671066525,0.46472732671066525,229.31152274496694
8141,0.46870398106805089,0.46870398106805089,231.91835523638579
8142,0.46331031342910728,0.46331031342910728,227.91964136383621
8143,0.45110360585087744,0.45110360585087744,221.91118381783227
8144,0.46066517013129327,0.46066517013129327,228.93678177957636
8145,0.45087320009335513,0.45087320009335513,222.47003829014156
8146,0.4591101151036816,0.4591101151036816,229.38904148911962
8147,0.45520356849681942,0.45520356849681942,228.18104503526007
8148,0.45023150390684563,0.45023150390684563,226.03397930111504
8149,0.44719567589505926,0.44719567589505926,222.89124911912663
8150,0.45667407717024677,0.45667407717024677,229.12000787754613
8151,0.4502948571401747,0.4502948571401747,225.31894910705279
8152,0.45169061879184119,0.45169061879184119,225.32496725829969
8153,0.45542964738480152,0.45542964738480152,227.37659057291498
8154,0.45178547412814274,0.45178547412814274,226.29530158455174
8155,0.45127662928524409,0.45127662928524409,227.15559353207905
8156,0.45398045422490252,0.45398045422490252,225.91929944850853
8157,0.45307450164660856,0.45307450164660856,224.1223552570647
8158,0.45105774841517388,0.45105774841517388,223.49545899009067
8159,0.45959335143320124,0.45959335143320124,227.06060803652272
8160,0.45388570047590593,0.45388570047590593,224.21285051873392
8161,0.44684355028664607,0.44684355028664607,223.590659072389
8162,0.44496629893817169,0.44496629893817169,221.1474519802147
8163,0.45526602029357682,0.45526602029357682,225.81993669086722
8164,0.45414760371407781,0.45414760371407781,225.3513640564166
8165,0.45998789438093651,0.45998789438093651,228.48489610051601
8166,0.45686410707056047,0.45686410707056047,225.52493874017347
8167,0.45504988320629591,0.45504988320629591,223.47809445052445
8168,0.46455087276718354,0.46455087276718354,227.00621189999771
8169,0.45456476621762709,0.45456476621762709,225.14665665464182
8170,0.45570581326482068,0.45570581326482068,224.39396011852227
8171,0.45448109670145742,0.45448109670145742,226.44769353369708
8172,0.45807485233667788,0.45807485233667788,226.01375659835611
8173,0.45513182562541721,0.45513182562541721,226.31769115762091
8174,0.44999135725832728,0.44999135725832728,223.5438657136628
8175,0.45076603652194286,0.45076603652194286,223.74491421138993
8176,0.44648966230228193,0.44648966230228193,223.60934311436327
8177,0.45011530505716113,0.45011530505716113,224.20562322919801
8178,0.460816581160928,0.460816581160928,228.34079280985625
8179,0.45411313098283951,0.45411313098283951,226.27972188371965
8180,0.45880682282063806,0.45880682282063806,227.24391181912898
8181,0.46342375874682717,0.46342375874682717,227.00815270085496
8182,0.45630835743490861,0.45630835743490861,223.64615641408264
8183,0.44762586423073325,0.44762586423073325,222.04007388789856
8184,0.43435293926900237,0.43435293926900237,216.99042212892869
8185,0.45454117427507323,0.45454117427507323,226.06840386811146
8186,0.45043693301171778,0.45043693301171778,223.96554391112278
8187,0.45712966809859823,0.45712966809859823,226.73814578463595
8188,0.46037116523797039,0.46037116523797039,227.45092826265687
8189,0.45377640969201838,0.45377640969201838,224.7720480962119
8190,0.45108331047344008,0.45108331047344008,220.96569372412205
8191,0.45548509714926766,0.45548509714926766,224.00979925237272
8192,0.45276357634680331,0.45276357634680331,225.48546133223044
8193,0.45298997973772054,0.45298997973772054,226.1647740769582
8194,0.44581655574727935,0.44581655574727935,226.42983269951566
8195,0.44990171677158503,0.44990171677158503,224.00065387427611
8196,0.44324620628453121,0.44324620628453121,222.35616087538301
8197,0.44818427845358011,0.44818427845358011,225.99123943102285
8198,0.44916527580251026,0.44916527580251026,224.22101158727583
8199,0.43670262529172377,0.43670262529172377,219.03812059472688
8200,0.4451902313152859,0.4451902313152859,223.82689284139474
8201,0.44529899295279751,0.44529899295279751,222.24990019097203
8202,0.43915669206516872,0.43915669206516872,220.78396180967115
8203,0.44622631077385411,0.44622631077385411,223.43362200556726
8204,0.44769426583149785,0.44769426583149785,221.58995839495682
8205,0.44975126089799888,0.44975126089799888,223.95345672900118
8206,0.44732776297734061,0.44732776297734061,221.85616644326205
8207,0.44794302905544769,0.44794302905544769,224.33268398757986
8208,0.45068879306382997,0.45068879306382997,222.62952550134361
8209,0.45300370116446603,0.45300370116446603,223.74276465914596
8210,0.45419770589634945,0.45419770589634945,223.59156404723052
8211,0.45674165814375234,0.45674165814375234,225.64450198892746
8212,0.44302642450625651,0.44302642450625651,221.95504170881085
8213,0.44996061664152737,0.44996061664152737,220.52309088028363
8214,0.44971076840667107,0.44971076840667107,225.11687198654008
8215,0.44914916136739746,0.44914916136739746,222.04714857301383
8216,0.44785939121516793,0.44785939121516793,222.95546976415102
8217,0.44855758898611497,0.44855758898611497,222.95448363616956
8218,0.4520760453334085,0.4520760453334085,225.51087008546907
8219,0.45694669624947348,0.45694669624947348,224.67078328637041
8220,0.45040155428198519,0.45040155428198519,224.06952564064036
8221,0.45319006967454484,0.45319006967454484,223.74712411398781
8222,0.45424117350861959,0.45424117350861959,224.3143913741138
8223,0.45556689928294264,0.45556689928294264,224.77787914252454
8224,0.45499318251019849,0.45499318251019849,224.08843032494286
8225,0.45632546392076512,0.45632546392076512,224.40636826544664
8226,0.44801927886044535,0.44801927886044535,224.38767545061984
8227,0.44551124576029971,0.44551124576029971,220.91859236054069
8228,0.45329571524837542,0.45329571524837542,224.45210223604468
8229,0.45486950531520864,0.45486950531520864,224.73082700640626
8230,0.45661919706602705,0.45661919706602705,225.88782863694991
8231,0.44971076277234473,0.44971076277234473,225.24545688936442
8232,0.45143890676172366,0.45143890676172366,223.45558319281935
8233,0.44095048454998381,0.44095048454998381,219.18826938237322
8234,0.45275021080168293,0.45275021080168293,223.95149213967005
8235,0.45120233208849997,0.45120233208849997,220.91211836550011
8236,0.4484515772938743,0.4484515772938743,223.38529480804718
8237,0.44939053426675218,0.44939053426675218,221.5395686031286
8238,0.45746097707298344,0.45746097707298344,224.94642294400745
8239,0.45259939619877781,0.45259939619877781,223.00767052652782
8240,0.45813446072225095,0.45813446072225095,224.99196257846816
8241,0.45896229938219896,0.45896229938219896,224.42376874295087
8242,0.43874821113719908,0.43874821113719908,218.3023254098313
8243,0.45456588077099874,0.45456588077099874,220.90296529421863
8244,0.45013808640923331,0.45013808640923331,222.36522589348451
8245,0.45332888741595789,0.45332888741595789,223.78358988694535
8246,0.45159399108437404,0.45159399108437404,225.93273015748605
8247,0.43661365820788128,0.43661365820788128,216.46353300674568
8248,0.44138152440165113,0.44138152440165113,218.44972275162445
8249,0.45037884523876492,0.45037884523876492,222.11906000959226
8250,0.44643054292482187,0.44643054292482187,221.56492278503325
8251,0.44877429161796678,0.44877429161796678,223.72478485164933
8252,0.45731672079050717,0.45731672079050717,224.99478388050039
8253,0.444114829663868,0.444114829663868,219.97220967861921
8254,0.44942364548495634,0.44942364548495634,223.49976524313516
8255,0.45293605944488269,0.45293605944488269,223.90777645988973
8256,0.44683122078991833,0.44683122078991833,222.41427210677358
8257,0.45871718789719795,0.45871718789719795,227.36891893058265
8258,0.45230108159705085,0.45230108159705085,223.96609085156632
8259,0.46221530946644745,0.46221530946644745,229.60424787099572
8260,0.4486224871881167,0.4486224871881167,225.08814937605922
8261,0.44753109236149247,0.44753109236149247,223.94767030833435
8262,0.45122284260093409,0.45122284260093409,226.51930582063611
8263,0.44990318217424552,0.44990318217424552,224.04039923129267
8264,0.45193266456671849,0.45193266456671849,224.85577795232248
8265,0.45583013712469417,0.45583013712469417,226.60293215497003
8266,0.44882973770270967,0.44882973770270967,222.02272610488131
8267,0.44963766655409654,0.44963766655409654,224.5402887913805
8268,0.44481101054915689,0.44481101054915689,222.65343997286601
8269,0.45432154864757618,0.45432154864757618,226.37057127798658
8270,0.4487262090854327,0.4487262090854327,224.35365691218786
8271,0.44656936759338206,0.44656936759338206,221.48809594735502
8272,0.45181872514025778,0.45181872514025778,223.76860694196958
8273,0.44580627789868227,0.44580627789868227,222.88689648024189
8274,0.44579163388787252,0.44579163388787252,223.31271406898594
8275,0.44040619836080019,0.44040619836080019,221.34430999657735
8276,0.4343927357606624,0.4343927357606624,218.95903824768271
8277,0.44483954490244954,0.44483954490244954,222.27705025250103
8278,0.45020364698097948,0.45020364698097948,225.23690928269497
8279,0.45707757632684098,0.45707757632684098,227.28855718544909
8280,0.4482308580392303,0.4482308580392303,223.70873845488433
8281,0.45300667879495771,0.45300667879495771,226.51884319881688
8282,0.45229429922797176,0.45229429922797176,227.31746269522259
8283,0.45652289330567336,0.45652289330567336,227.90094622781385
8284,0.44463112206045585,0.44463112206045585,223.41571166151465
8285,0.44888468249590829,0.44888468249590829,221.38225627206725
8286,0.43962556680886661,0.43962556680886661,221.43533165746743
8287,0.44083491350504972,0.44083491350504972,224.44790688217296
8288,0.43934151344768385,0.43934151344768385,224.37856023716432
8289,0.43976799429508728,0.43976799429508728,222.22961699550098
8290,0.45002830544652922,0.45002830544652922,224.80619312805962
8291,0.45116184020760874,0.45116184020760874,224.19950534510608
8292,0.44882013057176201,0.44882013057176201,223.68354453936166
8293,0.45206723332156146,0.45206723332156146,226.26010152559405
8294,0.43905213429871826,0.43905213429871826,219.62330124073006
8295,0.43140639091461352,0.43140639091461352,216.34509914438416
8296,0.4415284177537907,0.4415284177537907,219.86260081308927
8297,0.43701206086163469,0.43701206086163469,219.06108402734031
8298,0.4490585514557644,0.4490585514557644,223.28571385480399
8299,0.44008299236812387,0.44008299236812387,220.66747833388973
8300,0.4509737416893288,0.4509737416893288,225.12952666786205
8301,0.44121535801264222,0.44121535801264222,219.99487104874279
8302,0.45011422787983218,0.45011422787983218,224.79155638409506
8303,0.44713771417761405,0.44713771417761405,223.90919019290203
8304,0.45693848864549957,0.45693848864549957,227.10895750207561
8305,0.45311449641907203,0.45311449641907203,224.11064119497996
8306,0.45662801338357745,0.45662801338357745,225.53871380014849
8307,0.45747626402801922,0.45747626402801922,225.43678489856779
8308,0.45504545437538102,0.45504545437538102,225.56488909251431
8309,0.4593005374474014,0.4593005374474014,228.76812392393404
8310,0.45052745433201496,0.45052745433201496,220.99197039111124
8311,0.45813373177912775,0.45813373177912775,226.98763903887766
8312,0.45310552538195392,0.45310552538195392,223.84998757278831
8313,0.46799094559975946,0.46799094559975946,228.62790674415746
8314,0.46293413991366761,0.46293413991366761,226.74865713492699
8315,0.47037599431397431,0.47037599431397431,229.59144853890416
8316,0.46599298054610028,0.46599298054610028,228.1686076728578
8317,0.4598183842310945,0.4598183842310945,225.36269824508327
8318,0.45873407017631596,0.45873407017631596,225.66637433400396
8319,0.4511388756643277,0.4511388756643277,221.29744512366898
8320,0.45928805579925414,0.45928805579925414,226.7107113334514
8321,0.4578930098143692,0.4578930098143692,225.32772737295173
8322,0.45704004807132004,0.45704004807132004,226.6598054402898
8323,0.44766398216647296,0.44766398216647296,222.85713023108482
8324,0.46239024732057149,0.46239024732057149,225.04093867898737
8325,0.4518026005835164,0.4518026005835164,222.93087897906292
8326,0.44516208590073081,0.44516208590073081,222.64762718062872
8327,0.45735751915592049,0.45735751915592049,224.44558127227054
8328,0.45736303937734279,0.45736303937734279,226.03247703671622
8329,0.45052295866629233,0.45052295866629233,224.00661523578418
8330,0.45077099794793041,0.45077099794793041,225.22553703087209
8331,0.44719780351244937,0.44719780351244937,222.28581980982864
8332,0.44288628961858861,0.44288628961858861,219.77043159288755
8333,0.44001691355180733,0.44001691355180733,220.51128750040462
8334,0.43685715933494451,0.43685715933494451,217.48238392192556
8335,0.44941546935710636,0.44941546935710636,225.07051684451432
8336,0.45125363386103368,0.45125363386103368,223.30523065752351
8337,0.44777685313154514,0.44777685313154514,223.05214733680774
8338,0.43365481462035521,0.43365481462035521,216.57316669860856
8339,0.4479606870685669,0.4479606870685669,224.82306462568471
8340,0.45375468798245838,0.45375468798245838,226.47874707841476
8341,0.45549549858797017,0.45549549858797017,225.54671815073425
8342,0.45565807918347367,0.45565807918347367,226.94848196687494
8343,0.45050444569402515,0.45050444569402515,223.83213885608384
8344,0.45678268491126311,0.45678268491126311,225.44449035754997
8345,0.45074019291518619,0.45074019291518619,223.99094115069391
8346,0.4404026580717888,0.4404026580717888,219.93748187191159
8347,0.441523462275003,0.441523462275003,220.57921258103016
8348,0.4517181221936542,0.4517181221936542,222.19278804684572
8349,0.44192994948684367,0.44192994948684367,221.38270521044925
8350,0.43882021508008762,0.43882021508008762,219.90152623748563
8351,0.45431925670211826,0.45431925670211826,226.19797455238523
8352,0.45367897548429992,0.45367897548429992,225.62097723055308
8353,0.4555146615560296,0.4555146615560296,224.148953281058
8354,0.45781220412326445,0.45781220412326445,225.96396311752287
8355,0.4530776364214506,0.4530776364214506,224.94471713510521
8356,0.44448549989411246,0.44448549989411246,220.94561534511777
8357,0.44463619290497852,0.44463619290497852,222.18008016283471
8358,0.45238599834623106,0.45238599834623106,224.46367774304017
8359,0.46447127766841001,0.46447127766841001,228.56857570673054
8360,0.46122481633826967,0.46122481633826967,225.65424001233379
8361,0.46059891614291348,0.46059891614291348,227.02566026040648
8362,0.44509769950678812,0.44509769950678812,219.43310629048966
8363,0.44748512392402312,0.44748512392402312,220.57233011807884
8364,0.452532164023218,0.452532164023218,224.67666575661133
8365,0.45719901104177063,0.45719901104177063,224.21987972859574
8366,0.45529697466578989,0.45529697466578989,224.57328873731893
8367,0.45517790632352062,0.45517790632352062,225.1690849690759
8368,0.45781657291224997,0.45781657291224997,224.59328509216658
8369,0.46091392346288379,0.46091392346288379,225.32681462074908
8370,0.46289356833714984,0.46289356833714984,226.7391470573626
8371,0.45135891560372093,0.45135891560372093,222.79858645391951
8372,0.44519433355005483,0.44519433355005483,219.05565991213857
8373,0.45761897063953977,0.45761897063953977,225.62508983000959
8374,0.45773424580941952,0.45773424580941952,225.53825762556903
8375,0.45562771002431124,0.45562771002431124,222.39016470372695
8376,0.45282237250399388,0.45282237250399388,225.674998969223
8377,0.45780059660597605,0.45780059660597605,226.53067764458052
8378,0.45509352178783741,0.45509352178783741,225.25409781242161
8379,0.44612779507529482,0.44612779507529482,221.23363027660179
8380,0.44822664775376958,0.44822664775376958,225.51778335103367
8381,0.45677024288617396,0.45677024288617396,225.1173559575243
8382,0.44571234824873074,0.44571234824873074,221.64144313090577
8383,0.45178021963621279,0.45178021963621279,223.58469805856876
8384,0.44395344024167854,0.44395344024167854,223.29845120016336
8385,0.44478375407685639,0.44478375407685639,222.2070970471043
8386,0.44175888712592404,0.44175888712592404,222.33933278496428
8387,0.44857894285671485,0.44857894285671485,224.37237466010021
8388,0.43952599861015018,0.43952599861015018,222.6724383192655
8389,0.44463024079140395,0.44463024079140395,222.75030530041036
8390,0.44348064498618073,0.44348064498618073,221.06571741623776
8391,0.44129795899294316,0.44129795899294316,221.56221698151853
8392,0.44607641094267053,0.44607641094267053,221.42797483877649
8393,0.44193538640210905,0.44193538640210905,221.49498000500066
8394,0.4455780980779383,0.4455780980779383,222.53179057703011
8395,0.44381045642072203,0.44381045642072203,220.66805253664842
8396,0.43820208338275723,0.43820208338275723,218.23386060265301
8397,0.43786424483315611,0.43786424483315611,217.29436365759949
8398,0.4369587205838027,0.4369587205838027,221.39685706875207
8399,0.44639824764969882,0.44639824764969882,222.32677245282008
8400,0.43962521917264885,0.43962521917264885,219.02738868307051
8401,0.44103750348104487,0.44103750348104487,222.41890670246912
8402,0.43380230705205047,0.43380230705205047,220.6762589984522
8403,0.43127839972718868,0.43127839972718868,218.13728194866752
8404,0.42711548065512189,0.42711548065512189,214.65493982600591
8405,0.43944647279051746,0.43944647279051746,221.51393064743701
8406,0.44344506304085252,0.44344506304085252,221.09344741559579
8407,0.44704339527569692,0.44704339527569692,225.01168181016274
8408,0.44343739932630138,0.44343739932630138,223.25752340832705
8409,0.44089963521114672,0.44089963521114672,222.07869995992087
8410,0.44206051080153613,0.44206051080153613,222.49964364392312
8411,0.44323564880115845,0.44323564880115845,222.2017725587676
8412,0.44586185143344848,0.44586185143344848,223.87039123760019
8413,0.45084626308134518,0.45084626308134518,222.80649099620169
8414,0.45095705815464093,0.45095705815464093,225.64796807769486
8415,0.45401986840294739,0.45401986840294739,224.97578911665522
8416,0.4506010213648467,0.4506010213648467,224.36062659999911
8417,0.45382067890402827,0.45382067890402827,226.35840609993411
8418,0.4587252422383673,0.4587252422383673,226.55739645011971
8419,0.45162813777188759,0.45162813777188759,224.01802593972531
8420,0.45633739151677177,0.45633739151677177,226.12340641050204
8421,0.45563295120689223,0.45563295120689223,224.18344477539372
8422,0.46090142404598938,0.46090142404598938,226.92021849641498
8423,0.45726264225453123,0.45726264225453123,224.59091181985204
8424,0.45164824872821629,0.45164824872821629,222.4645350926472
8425,0.45126456817804089,0.45126456817804089,223.07445289068747
8426,0.44122198431434062,0.44122198431434062,220.39491683730398
8427,0.452813372198477,0.452813372198477,224.71232477013524
8428,0.44825407734421024,0.44825407734421024,224.42278679917021
8429,0.44580988014658923,0.44580988014658923,222.79823411003127
8430,0.45361954419918177,0.45361954419918177,226.20511611626949
8431,0.45426836621614369,0.45426836621614369,225.75503494681092
8432,0.44724923415457435,0.44724923415457435,223.42885146240329
8433,0.44558675729478647,0.44558675729478647,221.68430733735363
8434,0.44231783740645192,0.44231783740645192,222.29308136911601
8435,0.43412984422746065,0.43412984422746065,219.07480151952078
8436,0.4361098755863847,0.4361098755863847,218.03641693536957
8437,0.44704768655124588,0.44704768655124588,222.19318522563535
8438,0.44464003293854282,0.44464003293854282,221.25367580684414
8439,0.44690093237167422,0.44690093237167422,223.94144315387402
8440,0.44659101260956835,0.44659101260956835,221.19201206949623
8441,0.43707418754211586,0.43707418754211586,220.61631287043764
8442,0.44033821927593386,0.44033821927593386,221.37150059527698
8443,0.442423078403407,0.442423078403407,223.00751198190682
8444,0.44201861974613355,0.44201861974613355,222.84681200496476
8445,0.43895442409233104,0.43895442409233104,221.03165505062324
8446,0.43933423262760379,0.43933423262760379,220.81061803023505
8447,0.4403416938189042,0.4403416938189042,221.64070594974959
8448,0.44445322243403007,0.44445322243403007,221.86672005885276
8449,0.44418379498926958,0.44418379498926958,222.3833607245229
8450,0.43817387762872217,0.43817387762872217,218.1235440926317
8451,0.44938165204091751,0.44938165204091751,222.79432159185745
8452,0.44936418334976169,0.44936418334976169,224.07394222712392
8453,0.4461803313754964,0.4461803313754964,219.3418028568357
8454,0.45441103003325073,0.45441103003325073,224.22663371155841
8455,0.4492756352349308,0.4492756352349308,224.22914580648904
8456,0.44992044423070776,0.44992044423070776,225.43407487984473
8457,0.4538779703833411,0.4538779703833411,227.01155032579945
8458,0.45377979969103527,0.45377979969103527,225.56988943403616
8459,0.44987325950217655,0.44987325950217655,222.93482226378063
8460,0.44686668967832999,0.44686668967832999,222.03080907800086
8461,0.44792502462738781,0.44792502462738781,218.93553997549469
8462,0.44548149099755896,0.44548149099755896,218.66968511121559
8463,0.44640131519693504,0.44640131519693504,222.41758495272478
8464,0.4551441794972596,0.4551441794972596,225.65906301842202
8465,0.45349359394576771,0.45349359394576771,225.84752904719835
8466,0.44940971943423691,0.44940971943423691,222.69192259989546
8467,0.4487464562334661,0.4487464562334661,223.69633856630534
8468,0.45825616382847156,0.45825616382847156,228.62597613508001
8469,0.44429449228848678,0.44429449228848678,218.2904327972748
8470,0.44749306513672538,0.44749306513672538,223.61987717847606
8471,0.4546101981075153,0.4546101981075153,225.06963407018816
8472,0.45007424114937439,0.45007424114937439,222.63393198060763
8473,0.45159109884640375,0.45159109884640375,221.90698168265732
8474,0.45008154799749978,0.45008154799749978,223.6277346310338
8475,0.43814189806098752,0.43814189806098752,220.25261652074863
8476,0.44711993149650942,0.44711993149650942,223.17994830085703
8477,0.45019570639678791,0.45019570639678791,224.91748188855519
8478,0.44563078552233337,0.44563078552233337,223.61541291535963
8479,0.44019653483748861,0.44019653483748861,219.52431835115894
8480,0.44704481504980353,0.44704481504980353,222.33111380689078
8481,0.44323272762671168,0.44323272762671168,220.43488027946086
8482,0.45210330114798464,0.45210330114798464,225.28127843505285
8483,0.43998492415343271,0.43998492415343271,220.65172052713643
8484,0.4440062442886602,0.4440062442886602,223.25234212021616
8485,0.44509975623154518,0.44509975623154518,223.41294494445538
8486,0.44994382154709767,0.44994382154709767,225.646037409808
8487,0.45086327908638701,0.45086327908638701,225.88047582665544
8488,0.43944827651750051,0.43944827651750051,218.23578773590043
8489,0.45930446266896963,0.45930446266896963,227.02488683984348
8490,0.45220182752930294,0.45220182752930294,223.71384973687833
8491,0.45976131915049051,0.45976131915049051,228.86050670222738
8492,0.44755400879546442,0.44755400879546442,221.691643018804
8493,0.45183821068367147,0.45183821068367147,225.47136910911294
8494,0.44655407764657412,0.44655407764657412,224.24603620021497
8495,0.44093142139987779,0.44093142139987779,221.22023114912091
8496,0.43761319233961488,0.43761319233961488,219.91225036119673
8497,0.43745976932870156,0.43745976932870156,218.79800222846788
8498,0.42685071869197228,0.42685071869197228,216.17719555070917
8499,0.43671891001544771,0.43671891001544771,219.48235999949605
8500,0.44116575453695539,0.44116575453695539,221.66490324799969
8501,0.43769013276010654,0.43769013276010654,221.12819024496685
8502,0.4331888397715753,0.4331888397715753,217.89173064381254
8503,0.4284424033793589,0.4284424033793589,217.09658429619367
8504,0.43502727383696793,0.43502727383696793,219.14014199049763
8505,0.43035576590765612,0.43035576590765612,218.55633804228128
8506,0.43769044996115003,0.43769044996115003,223.19946994997639
8507,0.44279284852667644,0.44279284852667644,224.08065539995022
8508,0.43323514766040683,0.43323514766040683,217.96401209118554
8509,0.43921675741079724,0.43921675741079724,220.21181903559545
8510,0.44173853160120125,0.44173853160120125,224.21182143726756
8511,0.44320882307924625,0.44320882307924625,223.42448307066178
8512,0.436021645682099,0.436021645682099,221.94179151343587
8513,0.43702643439769584,0.43702643439769584,221.3370230021998
8514,0.43105732466271285,0.43105732466271285,218.7686769797819
8515,0.43216382826452787,0.43216382826452787,220.23028712107143
8516,0.42949021954124511,0.42949021954124511,217.89070979418298
8517,0.43012807525137936,0.43012807525137936,219.28553196519502
8518,0.43287489916438993,0.43287489916438993,220.71754203407008
8519,0.42541516911038046,0.42541516911038046,217.51095475938138
8520,0.42226040696809652,0.42226040696809652,215.96749139109056
8521,0.42186074822705882,0.42186074822705882,215.27329682025811
8522,0.42798461105204044,0.42798461105204044,216.15962152418788
8523,0.43680008372208334,0.43680008372208334,220.22461311322499
8524,0.4367027529228345,0.4367027529228345,218.97601860117999
8525,0.43073538413901497,0.43073538413901497,219.02198405599546
8526,0.43010872821576263,0.43010872821576263,217.02236305907391
8527,0.43962478228636981,0.43962478228636981,221.56744004978026
8528,0.43966496511251085,0.43966496511251085,219.78086312473724
8529,0.43946745564808865,0.43946745564808865,221.54546867373469
8530,0.43668577273928511,0.43668577273928511,219.85996869762303
8531,0.44075321955224406,0.44075321955224406,222.0444316022525
8532,0.43301088767094997,0.43301088767094997,218.69356056590178
8533,0.43633468363268746,0.43633468363268746,220.11091866509855
8534,0.43602098990843341,0.43602098990843341,219.31853660964651
8535,0.43621259937695145,0.43621259937695145,219.1879988879254
8536,0.42954153012529417,0.42954153012529417,214.4530998721828
8537,0.43468057686204603,0.43468057686204603,219.91271593174869
8538,0.43102331617818318,0.43102331617818318,217.59234335934161
8539,0.42195260918889205,0.42195260918889205,213.65228682109546
8540,0.4412904890373045,0.4412904890373045,222.64649750912994
8541,0.43960812772874308,0.43960812772874308,220.84528810754674
8542,0.43689249124622664,0.43689249124622664,222.43094129490373
8543,0.43776112301832343,0.43776112301832343,218.62445431614182
8544,0.43691170495446829,0.43691170495446829,219.44973466978166
8545,0.42848810688707512,0.42848810688707512,217.26729014624317
8546,0.43930153496677954,0.43930153496677954,220.03962971243035
8547,0.43182453104372431,0.43182453104372431,217.43429570757831
8548,0.43899303236608722,0.43899303236608722,222.10065555645241
8549,0.43748579527044162,0.43748579527044162,218.70527862662735
8550,0.44422524846374473,0.44422524846374473,221.15977017259553
8551,0.44078663577190202,0.44078663577190202,220.29470713184205
8552,0.43107054362762354,0.43107054362762354,217.06457464492959
8553,0.44068474554304632,0.44068474554304632,221.36629207798131
8554,0.43737999413610662,0.43737999413610662,218.18647850941926
8555,0.44552078867081857,0.44552078867081857,221.75141154309426
8556,0.4468319566067227,0.4468319566067227,221.6370882038961
8557,0.44087799197041005,0.44087799197041005,223.59495270176893
8558,0.43648718159736166,0.43648718159736166,221.51307263691646
8559,0.43468186037644141,0.43468186037644141,219.50978303774838
8560,0.41823874344608514,0.41823874344608514,213.66265368286207
8561,0.43638221848423064,0.43638221848423064,220.29133615388355
8562,0.43349247021333648,0.43349247021333648,218.59181156403528
8563,0.44177912535668151,0.44177912535668151,222.83306010046613
8564,0.43257167662086837,0.43257167662086837,219.07076570950849
8565,0.43332675254908237,0.43332675254908237,221.33748858045752
8566,0.42899619340712719,0.42899619340712719,218.37760268286198
8567,0.42960122374981341,0.42960122374981341,218.66362729704443
8568,0.43312881540302151,0.43312881540302151,218.96168627795177
8569,0.43298594317673678,0.43298594317673678,217.90082905066248
8570,0.43833860972926042,0.43833860972926042,220.67944755652357
8571,0.43093278692953979,0.43093278692953979,216.72091195563681
8572,0.42947133299031243,0.42947133299031243,218.85110952483856
8573,0.42786470790591408,0.42786470790591408,216.42559753221599
8574,0.4361547163738127,0.4361547163738127,222.42236730329969
8575,0.43021174164777259,0.43021174164777259,218.17425458344184
8576,0.42869033726930006,0.42869033726930006,216.58538228403705
8577,0.43143303439658742,0.43143303439658742,220.25442576956669
8578,0.43426977090096164,0.43426977090096164,220.56634912508736
8579,0.43316547459049809,0.43316547459049809,220.92744459789452
8580,0.42795282054605377,0.42795282054605377,218.24272392245911
8581,0.42420539043517397,0.42420539043517397,214.78296535652271
8582,0.42540679976391171,0.42540679976391171,215.30844360553201
8583,0.42890904731977886,0.42890904731977886,219.53956493511185
8584,0.43212147540047124,0.43212147540047124,219.88187655381307
8585,0.43377630215468077,0.43377630215468077,219.20143978779805
8586,0.43477364198887009,0.43477364198887009,219.58833657186841
8587,0.44028710908887769,0.44028710908887769,221.64643513425557
8588,0.44078380457502214,0.44078380457502214,220.69718925275575
8589,0.4349701545179297,0.4349701545179297,219.50061545343095
8590,0.4420719073466769,0.4420719073466769,219.94749775269071
8591,0.44421449932450957,0.44421449932450957,222.5694241508391
8592,0.443373765608366,0.443373765608366,221.41784130729167
8593,0.43571210296320012,0.43571210296320012,217.83874987290341
8594,0.44358222627939681,0.44358222627939681,221.92126695203569
8595,0.4425984159678773,0.4425984159678773,221.11287808634083
8596,0.43922762822984562,0.43922762822984562,219.79584343364559
8597,0.43598271934839117,0.43598271934839117,218.13402414976809
8598,0.44730837797064016,0.44730837797064016,223.6996452170909
8599,0.44823484985634493,0.44823484985634493,223.44282936838621
8600,0.44522654681105278,0.44522654681105278,221.39683573078111
8601,0.44803407212901963,0.44803407212901963,223.67392624597815
8602,0.44967638611061106,0.44967638611061106,223.88211219555015
8603,0.44472071921996753,0.44472071921996753,220.19043076413044
8604,0.4368789470207326,0.4368789470207326,217.42795850542316
8605,0.44346879319823096,0.44346879319823096,221.82387924278504
8606,0.44094117191159315,0.44094117191159315,221.97792411235005
8607,0.43864168045755364,0.43864168045755364,221.39237764703503
8608,0.44247505521385289,0.44247505521385289,223.09481322562834
8609,0.44084376410235093,0.44084376410235093,222.41417722658753
8610,0.4417664655426391,0.4417664655426391,222.33081042912181
8611,0.43427654710978425,0.43427654710978425,219.61695935404856
8612,0.43550052536161105,0.43550052536161105,218.64622939948472
8613,0.43991502988625336,0.43991502988625336,221.37494294698709
8614,0.43827884389424704,0.43827884389424704,220.12095526860884
8615,0.44446932032401137,0.44446932032401137,221.75199882498538
8616,0.43780862210375993,0.43780862210375993,219.82651811529004
8617,0.44307098395988131,0.44307098395988131,221.0528146069465
8618,0.45047266999590957,0.45047266999590957,225.53224184276115
8619,0.44615823978546026,0.44615823978546026,221.63019331106352
8620,0.45121530780026964,0.45121530780026964,223.92474165288004
8621,0.44722018504005201,0.44722018504005201,220.14772851973703
8622,0.45120053388246317,0.45120053388246317,223.95444925559417
8623,0.4495866055356858,0.4495866055356858,223.88814812717141
8624,0.45048570887371719,0.45048570887371719,221.92269731426299
8625,0.45169077265089347,0.45169077265089347,222.65943653402798
8626,0.44510578026510872,0.44510578026510872,220.63747653689671
8627,0.44493303716625521,0.44493303716625521,221.07598603662686
8628,0.45204611578252385,0.45204611578252385,224.19154010914161
8629,0.44446748312537299,0.44446748312537299,222.37847000807861
8630,0.44335170767786602,0.44335170767786602,220.6669899252453
8631,0.43769376671550386,0.43769376671550386,220.72731454394398
8632,0.44119107884962983,0.44119107884962983,220.7938569155047
8633,0.44632552430815731,0.44632552430815731,224.59932772924839
8634,0.44749816576007462,0.44749816576007462,221.77980141669468
8635,0.44947396098043779,0.44947396098043779,224.82325734355851
8636,0.45073866791677969,0.45073866791677969,224.6456185402472
8637,0.43550001928625193,0.43550001928625193,218.62825064708414
8638,0.43978396098203476,0.43978396098203476,222.76330956049577
8639,0.44773288037257142,0.44773288037257142,225.88264737998287
8640,0.44086638072758549,0.44086638072758549,221.63781212938648
8641,0.44960931263422221,0.44960931263422221,222.8163094397018
8642,0.45196196417362178,0.45196196417362178,225.17529710653076
8643,0.44323816419209361,0.44323816419209361,220.72369221606709
8644,0.45397755879248003,0.45397755879248003,226.62992714591164
8645,0.45293988832583915,0.45293988832583915,225.36119001337929
8646,0.45172628458224179,0.45172628458224179,225.46152249728397
8647,0.45045781774952254,0.45045781774952254,225.20791398041351
8648,0.44877252545395657,0.44877252545395657,225.7751219248652
8649,0.4524709008220042,0.4524709008220042,225.29247670225422
8650,0.44323525025074151,0.44323525025074151,224.74591521016973
8651,0.44403178846872959,0.44403178846872959,223.586135195716
8652,0.44840405853130261,0.44840405853130261,224.53695897410506
8653,0.44698303263034889,0.44698303263034889,221.95677233351034
8654,0.43956736511198991,0.43956736511198991,221.52067977900592
8655,0.44634770961060166,0.44634770961060166,222.19525142043275
8656,0.43398921393197548,0.43398921393197548,218.4239758728053
8657,0.44294489541396331,0.44294489541396331,220.69010191437445
8658,0.44833315898698578,0.44833315898698578,224.61725020315308
8659,0.44821936152830544,0.44821936152830544,224.04611510477625
8660,0.44165949729463116,0.44165949729463116,220.10242588772326
8661,0.45202344349681634,0.45202344349681634,225.22755532957913
8662,0.44759327432304807,0.44759327432304807,222.16995157659304
8663,0.45187532840850214,0.45187532840850214,224.17309261449509
8664,0.45966599019525817,0.45966599019525817,226.76462746869475
8665,0.44957704678069399,0.44957704678069399,225.09780209403658
8666,0.44625678775162336,0.44625678775162336,222.96628710972419
8667,0.44455134394349177,0.44455134394349177,222.4643878311046
8668,0.45378271995044434,0.45378271995044434,225.88014616249379
8669,0.44202154234291563,0.44202154234291563,222.40357211894352
8670,0.44453191175639273,0.44453191175639273,223.37753465279033
8671,0.43003824748764929,0.43003824748764929,217.85373172738022
8672,0.44095868547898026,0.44095868547898026,222.02484118171824
8673,0.44442039157939578,0.44442039157939578,223.05539879479593
8674,0.43621733450670652,0.43621733450670652,219.48727092555956
8675,0.43666611221461293,0.43666611221461293,219.29179211959109
8676,0.43115340799577784,0.43115340799577784,217.07527223794335
8677,0.44004545340759443,0.44004545340759443,220.93544543883937
8678,0.44052266897644043,0.44052266897644043,222.43741666256273
8679,0.44202282036543117,0.44202282036543117,221.49989764767219
8680,0.444002939457872,0.444002939457872,223.28752346033721
8681,0.44035664909018335,0.44035664909018335,221.69194579087866
8682,0.44653720786544893,0.44653720786544893,222.62761693630893
8683,0.4468612612804993,0.4468612612804993,223.55006935130464
8684,0.44611875203135642,0.44611875203135642,221.50140963442982
8685,0.44843999143463292,0.44843999143463292,225.08345663431561
8686,0.43979753696860735,0.43979753696860735,220.4859520133445
8687,0.44526615266308739,0.44526615266308739,222.82171773677447
8688,0.43509435393365159,0.43509435393365159,218.88067045725501
8689,0.43430341346523715,0.43430341346523715,220.40347887338299
8690,0.43967850756304305,0.43967850756304305,221.43559458504757
8691,0.43521764347160136,0.43521764347160136,219.5650313041628
8692,0.4390541822207748,0.4390541822207748,221.85559856181689
8693,0.43925428120131221,0.43925428120131221,222.14141777091831
8694,0.4383395977787522,0.4383395977787522,221.36666825724188
8695,0.44402495154188903,0.44402495154188903,221.25121249230006
8696,0.44681124546689865,0.44681124546689865,223.69843661936648
8697,0.43847061771419521,0.43847061771419521,221.80101213311809
8698,0.44316099625767419,0.44316099625767419,222.76732523718675
8699,0.44473653826733928,0.44473653826733928,223.90129996062214
8700,0.44802463651757146,0.44802463651757146,223.98305577142332
8701,0.43537344921024379,0.43537344921024379,218.97287615897312
8702,0.44590339413714497,0.44590339413714497,221.6629223997154
8703,0.45129471287856238,0.45129471287856238,223.08573508309451
8704,0.44504984819856935,0.44504984819856935,219.00833173210535
8705,0.44050846102587216,0.44050846102587216,219.86712642083927
8706,0.44646982555910919,0.44646982555910919,222.14496452693351
8707,0.44814899209553127,0.44814899209553127,221.76811358522551
8708,0.44192205724709155,0.44192205724709155,221.50152488420272
8709,0.44835100861562688,0.44835100861562688,222.51244347658229
8710,0.44922859867755954,0.44922859867755954,224.03705398629245
8711,0.4497407785534861,0.4497407785534861,223.048341225348
8712,0.44381111796535128,0.44381111796535128,221.09478185735657
8713,0.43907227585211289,0.43907227585211289,220.55859221931004
8714,0.444537312384299,0.444537312384299,224.03909498277716
8715,0.44606528823463226,0.44606528823463226,223.45078233284957
8716,0.44344809347313296,0.44344809347313296,222.09854163288861
8717,0.4485558388725327,0.4485558388725327,222.47428269501515
8718,0.43499165709381937,0.43499165709381937,215.50267274205643
8719,0.45030195808868978,0.45030195808868978,222.94636721129578
8720,0.45455289915035751,0.45455289915035751,226.59244419015016
8721,0.45506237828342888,0.45506237828342888,225.00411075083554
8722,0.46132988166116584,0.46132988166116584,228.28883062938121
8723,0.45786356842394937,0.45786356842394937,226.25354473869007
8724,0.45990147813768861,0.45990147813768861,226.10013622683704
8725,0.46417171686380521,0.46417171686380521,229.11757211941941
8726,0.45579063429816069,0.45579063429816069,220.68519329740599
8727,0.45140672184178471,0.45140672184178471,224.56983805299765
8728,0.46373394078838681,0.46373394078838681,228.26983872421306
8729,0.4608821055948355,0.4608821055948355,227.47222468042642
8730,0.45178367607294956,0.45178367607294956,224.04417651949319
8731,0.46092176434159732,0.46092176434159732,227.97698712915152
8732,0.46410997695233408,0.46410997695233408,227.20090033564392
8733,0.46340738967809525,0.46340738967809525,229.09705471561784
8734,0.45645524555639821,0.45645524555639821,227.009524734454
8735,0.44619652622323686,0.44619652622323686,222.46143337114387
8736,0.45651950537710217,0.45651950537710217,227.77260429434608
8737,0.44891056839179544,0.44891056839179544,225.10996151936473
8738,0.445772846634996,0.445772846634996,223.56293210604912
8739,0.44582105655959764,0.44582105655959764,222.44678303207337
8740,0.44886887485914173,0.44886887485914173,224.76601577929063
8741,0.44605471179766953,0.44605471179766953,222.43113632136334
8742,0.45041355633318503,0.45041355633318503,226.57605503399827
8743,0.44334338611707008,0.44334338611707008,221.55462182190354
8744,0.44624357927947622,0.44624357927947622,223.43264292483983
8745,0.43864135566474916,0.43864135566474916,221.00320053478427
8746,0.44136564522450888,0.44136564522450888,222.09314527798315
8747,0.45122693057476299,0.45122693057476299,226.00695482372493
8748,0.44608990106151591,0.44608990106151591,221.54453144248296
8749,0.44568264031240573,0.44568264031240573,224.27849691055007
8750,0.43865734507858783,0.43865734507858783,220.73738060500909
8751,0.44035738291329529,0.44035738291329529,220.2670627790786
8752,0.45120271549868746,0.45120271549868746,225.0814762494455
8753,0.45510092529187796,0.45510092529187796,225.13629639172524
8754,0.45581827487868959,0.45581827487868959,227.18776838960056
8755,0.4504781019727343,0.4504781019727343,222.54317302142036
8756,0.45458857941515102,0.45458857941515102,226.72641262450711
8757,0.44604287449356744,0.44604287449356744,222.5009213403693
8758,0.4395041059308159,0.4395041059308159,219.25770531828874
8759,0.44737918943605048,0.44737918943605048,223.3883134982828
8760,0.45532195019689159,0.45532195019689159,226.26722338729741
8761,0.44907238667954996,0.44907238667954996,223.42500290452645
8762,0.459601320743036,0.459601320743036,225.15271293718268
8763,0.45597269987073591,0.45597269987073591,225.22259176284371
8764,0.45987106159180052,0.45987106159180052,224.42475903220301
8765,0.45616479680717659,0.45616479680717659,224.09364496038066
8766,0.45395930626712627,0.45395930626712627,223.89757225032844
8767,0.45918828184767529,0.45918828184767529,226.75005953020656
8768,0.45646984600814611,0.45646984600814611,225.21608177094998
8769,0.45233855031051062,0.45233855031051062,222.46447204112957
8770,0.46350311227886137,0.46350311227886137,228.62371213788529
8771,0.4454349704951972,0.4454349704951972,221.02863561117911
8772,0.45974319496353167,0.45974319496353167,226.82379228774789
8773,0.45212718392910956,0.45212718392910956,224.25057973446837
8774,0.45114136891895484,0.45114136891895484,223.77790678679298
8775,0.46557133739087808,0.46557133739087808,229.92453312462757
8776,0.45917439067908922,0.45917439067908922,226.31751267365735
8777,0.44181610199481225,0.44181610199481225,218.54378939282759
8778,0.45158895333702376,0.45158895333702376,226.40688691175978
8779,0.45242366751381907,0.45242366751381907,225.23075330977514
8780,0.450714966206328,0.450714966206328,228.09106209308933
8781,0.44839802689567171,0.44839802689567171,224.48653307304568
8782,0.4479979013784231,0.4479979013784231,225.01268032436118
8783,0.44401671870074677,0.44401671870074677,223.34359410775724
8784,0.43979093910025052,0.43979093910025052,222.20985266933877
8785,0.43870991478295729,0.43870991478295729,222.6119507974006
8786,0.44078471506939437,0.44078471506939437,221.23204072968264
8787,0.44014785914373428,0.44014785914373428,221.77507192012635
8788,0.43577133796236261,0.43577133796236261,220.2316934340225
8789,0.44906981035914512,0.44906981035914512,224.57604336255469
8790,0.43909910446939876,0.43909910446939876,220.28249457054213
8791,0.44228493840902683,0.44228493840902683,221.34144853597277
8792,0.43990678900143998,0.43990678900143998,221.45622310762559
8793,0.42816329108009327,0.42816329108009327,215.51408721763124
8794,0.43940611345845443,0.43940611345845443,219.54281184313089
8795,0.44424907832774674,0.44424907832774674,222.91645924820122
8796,0.4397406806787908,0.4397406806787908,222.7429030979184
8797,0.43509752350421432,0.43509752350421432,218.24615412369025
8798,0.43251850790743573,0.43251850790743573,218.63839213827015
8799,0.43796586793633868,0.43796586793633868,221.06992181838049
8800,0.43997336913804119,0.43997336913804119,221.65734033514673
8801,0.44044980500003328,0.44044980500003328,222.43047328612434
8802,0.45100926277808517,0.45100926277808517,225.95110726123758
8803,0.44807468052068639,0.44807468052068639,225.17442434778235
8804,0.45201977565729334,0.45201977565729334,225.59763542687156
8805,0.45055095006575047,0.45055095006575047,225.94910422386428
8806,0.44840773619713536,0.44840773619713536,221.58982198709708
8807,0.44767167336059738,0.44767167336059738,223.36222181269051
8808,0.4438693236321779,0.4438693236321779,221.22319381808879
8809,0.44976429652530198,0.44976429652530198,223.42950888538115
8810,0.44788693032008287,0.44788693032008287,224.98681490336543
8811,0.43897012052322026,0.43897012052322026,217.83648191886996
8812,0.4520596547986438,0.4520596547986438,226.05662129664012
8813,0.44719771544217746,0.44719771544217746,223.00227898446079
8814,0.44687471726081185,0.44687471726081185,224.88928700869383
8815,0.44108594650437905,0.44108594650437905,221.34824419934412
8816,0.44258800268344717,0.44258800268344717,221.32292529045179
8817,0.4422542453881711,0.4422542453881711,220.06979233117755
8818,0.4508967630106081,0.4508967630106081,226.508366241766
8819,0.44685650629426271,0.44685650629426271,223.9541149802256
8820,0.44703566793387051,0.44703566793387051,223.66779529528617
8821,0.44892176364656633,0.44892176364656633,224.25170650988434
8822,0.44116726209120039,0.44116726209120039,220.12059504190512
8823,0.44986818322020899,0.44986818322020899,221.41790173502142
8824,0.45571511493255967,0.45571511493255967,226.13253167768775
8825,0.4453608626371417,0.4453608626371417,220.94527037664801
8826,0.45402106398714731,0.45402106398714731,224.91710615226035
8827,0.45180978154843299,0.45180978154843299,224.14439440485702
8828,0.45502520690634052,0.45502520690634052,224.68888693129188
8829,0.44211742256973058,0.44211742256973058,218.95279290499602
8830,0.44590414153402441,0.44590414153402441,219.76155419198585
8831,0.44926278021469007,0.44926278021469007,222.74781626771704
8832,0.45639631478093401,0.45639631478093401,224.1091341323181
8833,0.44782731627441646,0.44782731627441646,221.71486438636907
8834,0.45355319142527933,0.45355319142527933,222.15448634164449
8835,0.45416465106368042,0.45416465106368042,224.78767285018557
8836,0.44840604405083095,0.44840604405083095,221.22823926211572
8837,0.44448771555732025,0.44448771555732025,221.43649671170706
8838,0.44779106468807378,0.44779106468807378,220.8639462723865
8839,0.44828661369596101,0.44828661369596101,226.22748942144284
8840,0.44177057032659056,0.44177057032659056,221.39221153010357
8841,0.44934776389927117,0.44934776389927117,222.29109371931227
8842,0.43766073952407192,0.43766073952407192,217.93332423546008
8843,0.43994973658411229,0.43994973658411229,218.56735241994161
8844,0.43882938009552086,0.43882938009552086,220.31225078380163
8845,0.44459064427704442,0.44459064427704442,223.07193463648485
8846,0.44261181817484446,0.44261181817484446,222.24353611880497
8847,0.43948400351812944,0.43948400351812944,220.61466401310389
8848,0.43613524658837211,0.43613524658837211,219.32469280109322
8849,0.44370912253920708,0.44370912253920708,221.66383077901702
8850,0.43650326850539189,0.43650326850539189,219.22992144604092
8851,0.44878570521659861,0.44878570521659861,222.87848230881627
8852,0.4398739600323201,0.4398739600323201,221.03120993431747
8853,0.44572631259343154,0.44572631259343154,222.23753910733939
8854,0.43847228354578183,0.43847228354578183,219.65872463275863
8855,0.4332801794778553,0.4332801794778553,217.25419894516034
8856,0.43573038567989253,0.43573038567989253,222.50158988675381
8857,0.44188178917713417,0.44188178917713417,222.10284271076836
8858,0.43377444712720009,0.43377444712720009,219.41841179729795
8859,0.43787433456768216,0.43787433456768216,219.42820299271153
8860,0.43510717251074993,0.43510717251074993,218.08846424519302
8861,0.44550632639013737,0.44550632639013737,223.24166237739837
8862,0.44426628915014865,0.44426628915014865,222.4361255285593
8863,0.43344814214762328,0.43344814214762328,217.75641670076431
8864,0.44228542363260931,0.44228542363260931,221.17676420008283
8865,0.44328719234909936,0.44328719234909936,222.36936963686654
8866,0.43306433842714886,0.43306433842714886,219.30914822242227
8867,0.43275774444490339,0.43275774444490339,219.93485094172055
8868,0.42825600358705157,0.42825600358705157,218.14847208175124
8869,0.4308999916380894,0.4308999916380894,218.73535110368235
8870,0.43398360313115381,0.43398360313115381,221.80759955821389
8871,0.4306921037450534,0.4306921037450534,219.65564959216354
8872,0.42413854453372368,0.42413854453372368,214.63828814531567
8873,0.43073313773274718,0.43073313773274718,219.47081806757166
8874,0.4366762416629606,0.4366762416629606,221.1051270128325
8875,0.44048487903851913,0.44048487903851913,223.18038059199958
8876,0.44083930643007357,0.44083930643007357,220.94520256074307
8877,0.4321123749605299,0.4321123749605299,219.37453482962746
8878,0.43211547185054966,0.43211547185054966,217.93955406694016
8879,0.43183418904042198,0.43183418904042198,216.85885929921619
8880,0.43990494756555698,0.43990494756555698,220.19702750398719
8881,0.44006284440096366,0.44006284440096366,221.16211873010667
8882,0.43656200789341737,0.43656200789341737,219.06847069104788
8883,0.44070494646370245,0.44070494646370245,221.76259735824283
8884,0.43680724768848639,0.43680724768848639,221.98648039933823
8885,0.43705798550796154,0.43705798550796154,219.84407327574135
8886,0.43638946831920961,0.43638946831920961,220.18631033922739
8887,0.43469581327979467,0.43469581327979467,220.39433707482712
8888,0.44367208045392736,0.44367208045392736,224.40834589980017
8889,0.43897434574420036,0.43897434574420036,220.9748628688788
8890,0.44167685142230911,0.44167685142230911,222.52566823838077
8891,0.43834336668754281,0.43834336668754281,221.12499862062464
8892,0.4340792088494263,0.4340792088494263,220.25617277443385
8893,0.43414924526983623,0.43414924526983623,219.77106734535801
8894,0.44068947254756335,0.44068947254756335,221.01862920520966
8895,0.43854606153364023,0.43854606153364023,218.52589285413495
8896,0.44398291758808728,0.44398291758808728,222.52725200263734
8897,0.43590116959610337,0.43590116959610337,218.96159181038684
8898,0.43325396655506704,0.43325396655506704,218.23607037176467
8899,0.43975631763218181,0.43975631763218181,220.92723461093661
8900,0.43863183292522967,0.43863183292522967,220.86366112624128
8901,0.43325904485792366,0.43325904485792366,213.64214547885712
8902,0.43718753211326727,0.43718753211326727,219.18880036118367
8903,0.43929377146401932,0.43929377146401932,220.2380920432858
8904,0.43859165431284441,0.43859165431284441,219.37929878357787
8905,0.43386107769950666,0.43386107769950666,218.60038784098711
8906,0.43359272946536409,0.43359272946536409,217.11073314013802
8907,0.43790365993405012,0.43790365993405012,220.0709559431898
8908,0.43974064740627894,0.43974064740627894,221.30573370241581
8909,0.44038857960519645,0.44038857960519645,220.66139278636734
8910,0.43443718936927678,0.43443718936927678,218.2632625655161
8911,0.43785198309894835,0.43785198309894835,220.85288489074429
8912,0.43876885940211319,0.43876885940211319,220.86915254964282
8913,0.43534056944214311,0.43534056944214311,218.12527953776799
8914,0.44624252820440641,0.44624252820440641,222.86044591962963
8915,0.44382553386075801,0.44382553386075801,219.58473156231844
8916,0.43470278509603488,0.43470278509603488,218.43350245558614
8917,0.44818267909747156,0.44818267909747156,223.2333965807
8918,0.44542049952272278,0.44542049952272278,222.64700471235855
8919,0.44276978578383347,0.44276978578383347,221.98632914150789
8920,0.44603657658444418,0.44603657658444418,222.97873309960664
8921,0.44963863280235217,0.44963863280235217,224.60130351063395
8922,0.44219461771331614,0.44219461771331614,219.33649986807526
8923,0.44876078007544506,0.44876078007544506,224.64450847682465
8924,0.44747659181598304,0.44747659181598304,222.13295012924601
8925,0.45272742807199629,0.45272742807199629,225.91976413136044
8926,0.45824201199971953,0.45824201199971953,226.99179648633336
8927,0.44934505742432507,0.44934505742432507,224.17809247449478
8928,0.45144245776695219,0.45144245776695219,223.27742757324557
8929,0.45497062206892791,0.45497062206892791,223.98972703311057
8930,0.45263807606064332,0.45263807606064332,223.9529369425305
8931,0.45146762079200187,0.45146762079200187,225.6281072873175
8932,0.45053113177956616,0.45053113177956616,220.64653224684011
8933,0.44889105857990275,0.44889105857990275,221.11672933630945
8934,0.46216204101758074,0.46216204101758074,227.69588597877245
8935,0.45588139586009768,0.45588139586009768,224.70391749877567
8936,0.45300563810299427,0.45300563810299427,223.21295048785419
8937,0.45286063828179107,0.45286063828179107,225.00953557156919
8938,0.4515621950532851,0.4515621950532851,224.94531032797687
8939,0.45075342176359473,0.45075342176359473,223.88167588495389
8940,0.45972578110096868,0.45972578110096868,228.5363175315872
8941,0.4511467876004433,0.4511467876004433,225.38271451024752
8942,0.44010797092597792,0.44010797092597792,220.66580120722432
8943,0.4531334470145727,0.4531334470145727,226.47249436667909
8944,0.44985182769978033,0.44985182769978033,225.9857659563624
8945,0.44836185395641692,0.44836185395641692,223.33068362254798
8946,0.44973033056539435,0.44973033056539435,223.72604937385162
8947,0.45496049969239155,0.45496049969239155,226.55388063116192
8948,0.46057681274019957,0.46057681274019957,225.46251057845566
8949,0.44740107272881036,0.44740107272881036,220.40779583565512
8950,0.46042494061075134,0.46042494061075134,226.95244568901677
8951,0.45670075358136497,0.45670075358136497,226.57374491321883
8952,0.45423173807631156,0.45423173807631156,224.15454992706182
8953,0.45020392272797738,0.45020392272797738,221.5946305244598
8954,0.45326243107859954,0.45326243107859954,222.05020768433914
8955,0.45082062109107301,0.45082062109107301,226.49618609533519
8956,0.44458695968286266,0.44458695968286266,221.13874279647376
8957,0.44213440778400648,0.44213440778400648,221.18578950732626
8958,0.43340459376683749,0.43340459376683749,217.36849700452149
8959,0.44707500329964445,0.44707500329964445,221.32691665621383
8960,0.43599709450190921,0.43599709450190921,219.62390767643927
8961,0.44624607659910875,0.44624607659910875,224.32601784814355
8962,0.44291347384610519,0.44291347384610519,221.57528003193656
8963,0.44104688837153133,0.44104688837153133,221.5141174300492
8964,0.44899353918893475,0.44899353918893475,223.06790039827737
8965,0.45294974699002777,0.45294974699002777,224.31911070606853
8966,0.44120287309852929,0.44120287309852929,221.53888022896632
8967,0.44312585503043128,0.44312585503043128,223.91270332039204
8968,0.44200160738613448,0.44200160738613448,223.8339503591871
8969,0.43963012089608605,0.43963012089608605,223.08304577728808
8970,0.44028021013245161,0.44028021013245161,220.97381806415942
8971,0.44290845979867643,0.44290845979867643,220.22897749520536
8972,0.43923941260771943,0.43923941260771943,221.87221121498493
8973,0.43324237619077177,0.43324237619077177,217.64727722725698
8974,0.43602944397148402,0.43602944397148402,218.38673131677646
8975,0.44206060084070575,0.44206060084070575,222.06039067891703
8976,0.42816760533717302,0.42816760533717302,218.4148624175582
8977,0.42372131446000622,0.42372131446000622,214.90499510698282
8978,0.42671170526728697,0.42671170526728697,215.32997035779795
8979,0.42884240181262212,0.42884240181262212,219.99235075910497
8980,0.43520628712508369,0.43520628712508369,219.76961694570659
8981,0.43526546122203352,0.43526546122203352,220.07977442052638
8982,0.44760339878954414,0.44760339878954414,221.73751040245861
8983,0.43031768845120072,0.43031768845120072,218.28347268012607
8984,0.4306114836562478,0.4306114836562478,217.63381137093288
8985,0.43363513727172587,0.43363513727172587,218.56155031122097
8986,0.43681716912293239,0.43681716912293239,220.02869292609648
8987,0.43689505253289973,0.43689505253289973,220.15707141149505
8988,0.44141567501667334,0.44141567501667334,221.89074037421724
8989,0.43532053957741024,0.43532053957741024,219.09695613270515
8990,0.43083166946437873,0.43083166946437873,217.21811635572277
8991,0.44479042239481126,0.44479042239481126,221.8174625912427
8992,0.43536061535622111,0.43536061535622111,221.72186121367764
8993,0.4321296244515323,0.4321296244515323,220.16364380464793
8994,0.42752057598190119,0.42752057598190119,216.6722068837972
8995,0.42177007034517888,0.42177007034517888,215.18837227880826
8996,0.41886972728571392,0.41886972728571392,214.41930581216988
8997,0.43448876837449291,0.43448876837449291,219.72315976668634
8998,0.43587424086890225,0.43587424086890225,219.74209010055725
8999,0.42688372761264909,0.42688372761264909,217.01027327040464
9000,0.44289997805189152,0.44289997805189152,222.60029108654331
9001,0.43203356923318798,0.43203356923318798,216.33562979853195
9002,0.4326401744258816,0.4326401744258816,219.37436374743521
9003,0.43125091982291386,0.43125091982291386,216.40807784859589
9004,0.43555207845570332,0.43555207845570332,221.22392970197401
9005,0.43605378609089041,0.43605378609089041,219.51196128858584
9006,0.43302293879194276,0.43302293879194276,218.37620753140845
9007,0.42607333984100365,0.42607333984100365,214.12504453736233
9008,0.43372004952150789,0.43372004952150789,218.19089931277594
9009,0.42696731536175481,0.42696731536175481,215.48755943796718
9010,0.43075826072077461,0.43075826072077461,216.32030450466172
9011,0.43268217989632402,0.43268217989632402,216.15821768069517
9012,0.44026497741444431,0.44026497741444431,220.02648143581405
9013,0.44290412946259855,0.44290412946259855,222.5803248134886
9014,0.44330964524374378,0.44330964524374378,221.729678064659
9015,0.44484777195372294,0.44484777195372294,221.65237814875755
9016,0.44404965927185086,0.44404965927185086,220.30378979158644
9017,0.44778648254379483,0.44778648254379483,224.49822086558507
9018,0.44060546994655614,0.44060546994655614,219.4772583813382
9019,0.43581297448351952,0.43581297448351952,219.1954218082532
9020,0.4364458322854331,0.4364458322854331,222.06946246066349
9021,0.44007121382455133,0.44007121382455133,223.79652877605977
9022,0.43397898032545951,0.43397898032545951,220.67146023482184
9023,0.43163043597852307,0.43163043597852307,219.70807657473398
9024,0.43646070997328146,0.43646070997328146,220.97222720232534
9025,0.44328100410167853,0.44328100410167853,224.33378783044208
9026,0.44084664227076037,0.44084664227076037,220.07688044566254
9027,0.43038581308340867,0.43038581308340867,217.27904954433467
9028,0.43717064599078626,0.43717064599078626,221.1719936516667
9029,0.43855188266243383,0.43855188266243383,221.41053911803141
9030,0.44041456846783544,0.44041456846783544,219.78673477826646
9031,0.44153993313296258,0.44153993313296258,221.55582349494208
9032,0.43950465770381708,0.43950465770381708,218.9306113086937
9033,0.44271501521615775,0.44271501521615775,223.49384943994727
9034,0.43542385193151284,0.43542385193151284,218.75535325632563
9035,0.44253736412173883,0.44253736412173883,219.43967067241951
9036,0.44246491285865597,0.44246491285865597,221.61459411961042
9037,0.44511393365872892,0.44511393365872892,222.47720363184482
9038,0.44672201344745088,0.44672201344745088,223.53720480759776
9039,0.45589203322122929,0.45589203322122929,225.26809271946314
9040,0.44989888955745971,0.44989888955745971,221.60474832992969
9041,0.44180661144961569,0.44180661144961569,222.08701591175682
9042,0.44696892565496105,0.44696892565496105,222.1107554782042
9043,0.43811420761438152,0.43811420761438152,218.60624754121949
9044,0.44765783109454815,0.44765783109454815,223.37190415194951
9045,0.44635986292934693,0.44635986292934693,222.42844696047231
9046,0.4468835745564963,0.4468835745564963,222.5329755180087
9047,0.4447242010237541,0.4447242010237541,222.25020735237862
9048,0.44503064222268884,0.44503064222268884,221.64291194467688
9049,0.44422720578283259,0.44422720578283259,222.82563424724549
9050,0.44699897641493169,0.44699897641493169,223.07789119530668
9051,0.44083422216717738,0.44083422216717738,222.60009663706947
9052,0.44594854603404555,0.44594854603404555,223.51902976992173
9053,0.44303882719574916,0.44303882719574916,222.84343169063558
9054,0.43539976979019873,0.43539976979019873,217.73307333563307
9055,0.43310231697177848,0.43310231697177848,216.14018627141135
9056,0.43865793930686675,0.43865793930686675,221.18179669248494
9057,0.44317392653026211,0.44317392653026211,222.06695433882268
9058,0.43172319533343878,0.43172319533343878,219.41156732003583
9059,0.43171719859222524,0.43171719859222524,216.48534925481096
9060,0.43345651761080795,0.43345651761080795,219.94897557057612
9061,0.42912498250356512,0.42912498250356512,216.64313331905811
9062,0.43331995284586078,0.43331995284586078,219.16037129490229
9063,0.44057010484037545,0.44057010484037545,221.89304660925842
9064,0.4367817391077532,0.4367817391077532,218.53300471965622
9065,0.43659120717793981,0.43659120717793981,220.35566742903765
9066,0.43640199245449418,0.43640199245449418,220.36730116058402
9067,0.43695063982710025,0.43695063982710025,220.11133497095437
9068,0.44258641433743406,0.44258641433743406,223.10897188661261
9069,0.44284392279923496,0.44284392279923496,222.66970400616552
9070,0.43765135059501559,0.43765135059501559,221.65254669710754
9071,0.43188677483261112,0.43188677483261112,217.60073857351821
9072,0.43088059897470876,0.43088059897470876,219.18194233096315
9073,0.42937158905153294,0.42937158905153294,218.90701616514502
9074,0.42862912279227505,0.42862912279227505,217.39439013293014
9075,0.43189043921152248,0.43189043921152248,219.04374223965192
9076,0.4235931994321217,0.4235931994321217,214.77996674557829
9077,0.42255413152463817,0.42255413152463817,214.9030089642236
9078,0.42347631131603991,0.42347631131603991,218.01757515959645
9079,0.42540926858107853,0.42540926858107853,217.36304588215435
9080,0.41308078541034526,0.41308078541034526,212.07262501450586
9081,0.42674592827061114,0.42674592827061114,217.66863230559574
9082,0.42464332979659652,0.42464332979659652,216.98987352181854
9083,0.42422275744747406,0.42422275744747406,217.5638357540262
9084,0.42971610916262393,0.42971610916262393,218.2655425323199
9085,0.4228084013042307,0.4228084013042307,215.37870244502528
9086,0.44210642041550807,0.44210642041550807,221.39131283911411
9087,0.44007961660387734,0.44007961660387734,222.00234722725327
9088,0.43225466769214504,0.43225466769214504,217.85977396920629
9089,0.42933427475687463,0.42933427475687463,217.37019045398483
9090,0.43102006140892435,0.43102006140892435,218.87647187030589
9091,0.43117855897581636,0.43117855897581636,222.19005022958845
9092,0.431948527759903,0.431948527759903,219.89880408305461
9093,0.43214003429005621,0.43214003429005621,219.95661062364047
9094,0.42624691218698862,0.42624691218698862,218.0886875452978
9095,0.43626981124225395,0.43626981124225395,220.6564096052106
9096,0.44352955287557805,0.44352955287557805,221.56435677118776
9097,0.4388828740731866,0.4388828740731866,223.21031166341635
9098,0.44470612512940166,0.44470612512940166,221.74339371354603
9099,0.44109554303446891,0.44109554303446891,223.69710696347994
9100,0.43716920542517401,0.43716920542517401,222.59678414956511
9101,0.43885742017489759,0.43885742017489759,221.20160761771928
9102,0.43273809270606112,0.43273809270606112,218.24869565898635
9103,0.43670068942633478,0.43670068942633478,220.28786464038384
9104,0.43340790580823968,0.43340790580823968,220.92546062819306
9105,0.42838022775985696,0.42838022775985696,218.17803791459716
9106,0.42760828085042074,0.42760828085042074,220.2111143580666
9107,0.42255613644404821,0.42255613644404821,217.83902404130339
9108,0.43077666129404169,0.43077666129404169,219.36859865125729
9109,0.43055074658158593,0.43055074658158593,219.61169667165956
9110,0.43797356496096429,0.43797356496096429,221.03761109098565
9111,0.43731762502951488,0.43731762502951488,219.1683360911465
9112,0.43613840460415698,0.43613840460415698,219.60234845762929
9113,0.42226021738045844,0.42226021738045844,213.94268047375982
9114,0.43010222247936031,0.43010222247936031,217.89241565708411
9115,0.42650924140421287,0.42650924140421287,215.02026929079315
9116,0.42609258716991005,0.42609258716991005,215.7042359906844
9117,0.43415543213072205,0.43415543213072205,219.38624743369206
9118,0.435086032800863,0.435086032800863,222.61412469655551
9119,0.43763437078317774,0.43763437078317774,221.68386539811223
9120,0.43625745413809119,0.43625745413809119,219.84428256406335
9121,0.43704524434013531,0.43704524434013531,217.8948630585447
9122,0.43803841698070328,0.43803841698070328,219.82990641648911
9123,0.43099822623454642,0.43099822623454642,218.21884068543758
9124,0.41930108447274861,0.41930108447274861,212.42326567031532
9125,0.43712977858665492,0.43712977858665492,221.23426462792878
9126,0.43462600890441083,0.43462600890441083,219.09451904766365
9127,0.4423960690307534,0.4423960690307534,220.7765981564242
9128,0.44467324578251022,0.44467324578251022,223.04004719654986
9129,0.43297504647874474,0.43297504647874474,217.74943020574241
9130,0.43264080576640102,0.43264080576640102,217.01559968119278
9131,0.44049976295817939,0.44049976295817939,221.1308680286908
9132,0.44333355979216649,0.44333355979216649,218.97217321017379
9133,0.45213370108343759,0.45213370108343759,226.88570874104909
9134,0.44732109933041436,0.44732109933041436,224.46047424249417
9135,0.44969842566459473,0.44969842566459473,224.45066323505958
9136,0.44561357709811966,0.44561357709811966,219.3923600656282
9137,0.45522483829063021,0.45522483829063021,226.31739227041734
9138,0.44068536787670531,0.44068536787670531,220.166419083123
9139,0.44415119278664317,0.44415119278664317,221.01935931332545
9140,0.44725607157592295,0.44725607157592295,222.71883537774062
9141,0.44491556572634644,0.44491556572634644,222.79130810519845
9142,0.44805354027087924,0.44805354027087924,225.70668874387871
9143,0.43740998620112037,0.43740998620112037,220.56978326751079
9144,0.44553925819882723,0.44553925819882723,223.19965244168435
9145,0.44459571523909081,0.44459571523909081,223.20466667757583
9146,0.44396814659989525,0.44396814659989525,222.25267091334754
9147,0.44904598155765207,0.44904598155765207,223.50199713405306
9148,0.44919589399608145,0.44919589399608145,224.64141997241276
9149,0.45684288040334725,0.45684288040334725,225.70751448623264
9150,0.45346309570815951,0.45346309570815951,224.22454950198366
9151,0.44392801116182562,0.44392801116182562,221.56365378073616
9152,0.44907739786460521,0.44907739786460521,223.32369595429645
9153,0.44840608817422922,0.44840608817422922,222.22160590576078
9154,0.44839925101073519,0.44839925101073519,222.78477516269487
9155,0.44551725066963738,0.44551725066963738,224.01759615428509
9156,0.43462559197494999,0.43462559197494999,216.75240747431189
9157,0.43651096585328703,0.43651096585328703,219.93722047812494
9158,0.44895426617989742,0.44895426617989742,224.55392236003564
9159,0.45185721425030667,0.45185721425030667,225.62476040884184
9160,0.44692514603000194,0.44692514603000194,224.51748070566578
9161,0.44590342443857933,0.44590342443857933,224.99981117311663
9162,0.43493796803592488,0.43493796803592488,219.57659350955919
9163,0.43399082706222325,0.43399082706222325,218.26057253997683
9164,0.44107675574574473,0.44107675574574473,221.71626083692732
9165,0.45179805907510689,0.45179805907510689,227.49275884527179
9166,0.44336943682139296,0.44336943682139296,221.19287058985384
9167,0.44760594380746455,0.44760594380746455,222.24313684788348
9168,0.44014027628677554,0.44014027628677554,222.52778467223388
9169,0.44484620975178102,0.44484620975178102,221.59043228090277
9170,0.44593111075471603,0.44593111075471603,222.62485209409448
9171,0.44137925296084646,0.44137925296084646,222.77838302839746
9172,0.43627574909215905,0.43627574909215905,219.01935794162918
9173,0.44307143444597913,0.44307143444597913,220.80987990898583
9174,0.43850006082848714,0.43850006082848714,222.39649096197144
9175,0.44134166902470628,0.44134166902470628,221.67321601833751
9176,0.43563290033299584,0.43563290033299584,218.30330244575143
9177,0.43799962155188793,0.43799962155188793,220.09617882228378
9178,0.45123590939230257,0.45123590939230257,226.8105083371679
9179,0.44409094410916128,0.44409094410916128,223.38205040169578
9180,0.44633351079404643,0.44633351079404643,223.83311142973056
9181,0.4425140243604232,0.4425140243604232,221.56470373371667
9182,0.43324143659409176,0.43324143659409176,216.56113618877117
9183,0.4433516323781837,0.4433516323781837,222.10131063660157
9184,0.43392471545625577,0.43392471545625577,220.49323333191941
9185,0.44533474362903114,0.44533474362903114,224.24293408118552
9186,0.44035641982483725,0.44035641982483725,221.71749968067562
9187,0.43708216080698586,0.43708216080698586,221.49178292638777
9188,0.43942462978389807,0.43942462978389807,222.57115165298609
9189,0.44085504335064141,0.44085504335064141,223.65651864598939
9190,0.44449774685922455,0.44449774685922455,222.85868150925018
9191,0.45915008469438179,0.45915008469438179,227.9687621291543
9192,0.45659023016357975,0.45659023016357975,225.66247991870705
9193,0.46223400995523595,0.46223400995523595,229.55573767229893
9194,0.44937659492961757,0.44937659492961757,222.62237034683159
9195,0.45905946606509851,0.45905946606509851,226.89518859517813
9196,0.44831281688635227,0.44831281688635227,222.46769763665603
9197,0.46364450175516103,0.46364450175516103,228.72898296861945
9198,0.45578849304041558,0.45578849304041558,224.79112007976536
9199,0.46367313935512727,0.46367313935512727,229.09924979023216
9200,0.45596701600654732,0.45596701600654732,228.17728346736391
9201,0.46006477186262973,0.46006477186262973,227.83252929876522
9202,0.46019188524266247,0.46019188524266247,229.32864198195293
9203,0.45644126461166445,0.45644126461166445,228.28473248502709
9204,0.45403440095688252,0.45403440095688252,223.44140044439146
9205,0.45793051689170416,0.45793051689170416,226.67604138850874
9206,0.45972923345302519,0.45972923345302519,227.37106124462275
9207,0.45270121258165652,0.45270121258165652,225.24257707910914
9208,0.44926713868991408,0.44926713868991408,225.01271317821647
9209,0.45230332394012845,0.45230332394012845,228.04362454509152
9210,0.44844639505941908,0.44844639505941908,223.97637667599776
9211,0.44149850181607231,0.44149850181607231,221.05654928505675
9212,0.44665648375222383,0.44665648375222383,223.32544546933576
9213,0.44153601545083926,0.44153601545083926,222.91700763814362
9214,0.44891347657900982,0.44891347657900982,225.02034384756135
9215,0.44306059646895052,0.44306059646895052,223.42084303820107
9216,0.45084999913732293,0.45084999913732293,225.26659747255803
9217,0.44932008095651155,0.44932008095651155,224.36726066778647
9218,0.44979815345920693,0.44979815345920693,225.33412185664884
9219,0.45591776697490982,0.45591776697490982,226.76376289566056
9220,0.45652762694793408,0.45652762694793408,228.94817529100334
9221,0.44914272229163232,0.44914272229163232,225.33203589280706
9222,0.45395362683306295,0.45395362683306295,227.45842188149896
9223,0.44976285721043452,0.44976285721043452,226.94368109811685
9224,0.44355774558073058,0.44355774558073058,222.78898728616792
9225,0.44330526643125789,0.44330526643125789,223.40597875209693
9226,0.45693855051375609,0.45693855051375609,231.21449376203282
9227,0.46492247996938485,0.46492247996938485,230.6716301112545
9228,0.46062482578197794,0.46062482578197794,229.66217225978184
9229,0.4514194425370312,0.4514194425370312,225.33257785809388
9230,0.45790027089370489,0.45790027089370489,225.77107040012328
9231,0.45936658867319247,0.45936658867319247,228.73719902325038
9232,0.450957989799047,0.450957989799047,226.1128366384707
9233,0.44830806217269759,0.44830806217269759,226.29359886683432
9234,0.4423683709676885,0.4423683709676885,223.59667627167755
9235,0.43915020328107418,0.43915020328107418,222.00805437295486
9236,0.43668165602294939,0.43668165602294939,223.5799343798723
9237,0.44739248896986172,0.44739248896986172,224.59568420830527
9238,0.4511652597907162,0.4511652597907162,228.39140801235516
9239,0.45511994218558333,0.45511994218558333,228.88935826546444
9240,0.45136469956331193,0.45136469956331193,225.36508413916968
9241,0.45039691013230165,0.45039691013230165,223.43550103703319
9242,0.45444014298568475,0.45444014298568475,225.68170866709229
9243,0.46174522826479414,0.46174522826479414,229.32080097823959
9244,0.46237122349900267,0.46237122349900267,230.80375436234198
9245,0.45484662664346259,0.45484662664346259,225.93209104493363
9246,0.45876880229939837,0.45876880229939837,229.61400846733446
9247,0.45662047153690255,0.45662047153690255,226.82052092388713
9248,0.45192618025987202,0.45192618025987202,223.52424884780166
9249,0.45415498444192615,0.45415498444192615,224.91785037453187
9250,0.44756140712336068,0.44756140712336068,224.92807984998657
9251,0.45414377419209984,0.45414377419209984,227.74306971872193
9252,0.44467411174669547,0.44467411174669547,224.1057255312484
9253,0.45412601203301994,0.45412601203301994,226.51831787500305
9254,0.45082203039529933,0.45082203039529933,226.1370732724863
9255,0.44833277842260133,0.44833277842260133,223.45692553102239
9256,0.43951599720236378,0.43951599720236378,221.72360944513025
9257,0.45286696090505912,0.45286696090505912,226.82848100908117
9258,0.44560278329346154,0.44560278329346154,224.62804691420584
9259,0.44967492065348746,0.44967492065348746,225.81655718944791
9260,0.44555994195053616,0.44555994195053616,226.24601297261734
9261,0.45035438620994811,0.45035438620994811,224.13257829198523
9262,0.44903886319334968,0.44903886319334968,225.66453583985813
9263,0.44915678656401192,0.44915678656401192,223.72946145402676
9264,0.44984557262369673,0.44984557262369673,227.00692279382716
9265,0.45158799165094415,0.45158799165094415,224.56640382179253
9266,0.45977814886937846,0.45977814886937846,229.28898917986021
9267,0.46027296627156733,0.46027296627156733,229.71861008124876
9268,0.4535378106383342,0.4535378106383342,225.0815005428405
9269,0.45398016946644992,0.45398016946644992,223.33679217035524
9270,0.44757225543802842,0.44757225543802842,224.51059793001022
9271,0.44610890683617443,0.44610890683617443,223.11617893945694
9272,0.45045997469604054,0.45045997469604054,225.20171525927989
9273,0.45082556281917763,0.45082556281917763,225.16112120757924
9274,0.44628057117842435,0.44628057117842435,222.79303828808352
9275,0.44222666106154573,0.44222666106154573,222.70863601933178
9276,0.4438395623743373,0.4438395623743373,222.60242310964151
9277,0.43023755342801684,0.43023755342801684,215.0862196826503
9278,0.44964416732847062,0.44964416732847062,224.2014132024664
9279,0.44936859409432151,0.44936859409432151,223.75027609823238
9280,0.44199681905838639,0.44199681905838639,220.58231311237327
9281,0.42355904355175378,0.42355904355175378,217.01996194155663
9282,0.43647201421077508,0.43647201421077508,218.71381651191456
9283,0.4407105513707289,0.4407105513707289,222.83085586347974
9284,0.43519675609531455,0.43519675609531455,219.69509726274768
9285,0.44242187379219888,0.44242187379219888,222.52485944706649
9286,0.44768128749353125,0.44768128749353125,223.73158082996082
9287,0.43976159014470734,0.43976159014470734,221.42498484618872
9288,0.44085129573651766,0.44085129573651766,221.59465713866476
9289,0.44363071044904173,0.44363071044904173,222.21611654723262
9290,0.44269167005421195,0.44269167005421195,224.47504205822264
9291,0.43843453874577126,0.43843453874577126,222.6018796360936
9292,0.443528590685348,0.443528590685348,224.4808419280634
9293,0.45178952415952373,0.45178952415952373,226.34109492891974
9294,0.44563819617816058,0.44563819617816058,223.37083601001936
9295,0.44213922057796662,0.44213922057796662,220.84647745585889
9296,0.44905352268775606,0.44905352268775606,224.5055328041712
9297,0.45237850674799007,0.45237850674799007,223.46245834624543
9298,0.4473664272265454,0.4473664272265454,223.05304168427742
9299,0.45399936922117928,0.45399936922117928,227.57487912149651
9300,0.44960110362331074,0.44960110362331074,223.77749974255735
9301,0.45812589232753664,0.45812589232753664,229.08737824870769
9302,0.4442221080855065,0.4442221080855065,224.50580371941527
9303,0.43944576315116424,0.43944576315116424,221.79972963835067
9304,0.44071869144370279,0.44071869144370279,221.05958277512028
9305,0.44501151524045257,0.44501151524045257,220.85240646936123
9306,0.44940575370932345,0.44940575370932345,224.17044427069862
9307,0.45163325489696649,0.45163325489696649,222.39395612031254
9308,0.45335278191693618,0.45335278191693618,225.61494705058323
9309,0.44222308677496897,0.44222308677496897,221.59812953106029
9310,0.44339038615678339,0.44339038615678339,220.77226064997126
9311,0.4472595799498934,0.4472595799498934,223.73035859670708
9312,0.44995342245902065,0.44995342245902065,225.92427630382539
9313,0.45688206493675898,0.45688206493675898,228.1600959409293
9314,0.45578287703718956,0.45578287703718956,224.46606694337098
9315,0.4529199995044893,0.4529199995044893,227.864986109222
9316,0.44785635891495029,0.44785635891495029,224.65592868960931
9317,0.43921948962263518,0.43921948962263518,221.49838900682579
9318,0.45050283769789817,0.45050283769789817,225.37531947287843
9319,0.43859177713476988,0.43859177713476988,223.00734754846252
9320,0.44445887869119477,0.44445887869119477,222.93405224309646
9321,0.44398913326448869,0.44398913326448869,225.12366205185714
9322,0.44485039138330801,0.44485039138330801,224.57727028147323
9323,0.43962731581154424,0.43962731581154424,220.88349834491751
9324,0.43475663201609016,0.43475663201609016,219.36305694458414
9325,0.44443534844528754,0.44443534844528754,223.64130272959022
9326,0.43920370244227397,0.43920370244227397,222.04804673368091
9327,0.44296684585979734,0.44296684585979734,219.8024108404683
9328,0.44411976910571083,0.44411976910571083,224.03540675502654
9329,0.4456090430518298,0.4456090430518298,223.81777983232095
9330,0.45137304418971824,0.45137304418971824,225.79719109912145
9331,0.45029088912741272,0.45029088912741272,222.30470250805519
9332,0.45182923102633027,0.45182923102633027,222.57505126842392
9333,0.44630078040051141,0.44630078040051141,222.06932278472306
9334,0.45125734261280454,0.45125734261280454,225.34299354636528
9335,0.44765607988324768,0.44765607988324768,225.18461241268068
9336,0.43277241507189823,0.43277241507189823,216.08272858881224
9337,0.43302603947471552,0.43302603947471552,219.08031311434175
9338,0.44500850728158925,0.44500850728158925,223.81540329218788
9339,0.44190082019430565,0.44190082019430565,221.45887095344352
9340,0.44400872396362406,0.44400872396362406,219.15529946408864
9341,0.44923270356717032,0.44923270356717032,223.48900431141607
9342,0.45004990267857392,0.45004990267857392,223.34507152722162
9343,0.44443566702222403,0.44443566702222403,222.41393539280847
9344,0.44269420443653162,0.44269420443653162,221.43458163678005
9345,0.44559509100302613,0.44559509100302613,224.2169920820524
9346,0.45076015508282374,0.45076015508282374,223.47035259896296
9347,0.44785066921308969,0.44785066921308969,226.60988482465751
9348,0.44525107708907063,0.44525107708907063,222.08743589061078
9349,0.45059829836738563,0.45059829836738563,225.31434562857385
9350,0.44777207630275734,0.44777207630275734,226.05833639984456
9351,0.44827833418087265,0.44827833418087265,224.88476970749417
9352,0.45545124242652035,0.45545124242652035,227.16120523171054
9353,0.44677948166949832,0.44677948166949832,224.34693801668544
9354,0.44744153012008603,0.44744153012008603,223.86885538107322
9355,0.44971143055968704,0.44971143055968704,223.22908884010417
9356,0.44651220896733335,0.44651220896733335,222.59904707078022
9357,0.45353802835579299,0.45353802835579299,224.28891722119434
9358,0.45576848997661684,0.45576848997661684,224.97838486297556
9359,0.44611000302111697,0.44611000302111697,223.35817784634688
9360,0.45277127870495593,0.45277127870495593,225.92884800667693
9361,0.44487597285840685,0.44487597285840685,220.84246252558427
9362,0.45754681574978606,0.45754681574978606,227.24919886473512
9363,0.45751343298593661,0.45751343298593661,226.71295638390811
9364,0.46509247191814379,0.46509247191814379,228.66721799072516
9365,0.46585403975351075,0.46585403975351075,228.4776604905538
9366,0.45445138091398107,0.45445138091398107,226.58798039184552
9367,0.45500954648128067,0.45500954648128067,227.33328411898592
9368,0.45137434558836453,0.45137434558836453,224.95103257414053
9369,0.45724995934908641,0.45724995934908641,225.59748360222139
9370,0.45596233310820955,0.45596233310820955,227.22530335999281
9371,0.45008508021001009,0.45008508021001009,224.67013025309774
9372,0.45330388001371213,0.45330388001371213,224.83419501529383
9373,0.45888232893719449,0.45888232893719449,228.5134971268466
9374,0.45095410149476906,0.45095410149476906,224.83122511090454
9375,0.45247251081436729,0.45247251081436729,224.84449247365973
9376,0.46325075621023337,0.46325075621023337,230.00616001889952
9377,0.45001550450282668,0.45001550450282668,223.4915235370857
9378,0.4501237920893611,0.4501237920893611,224.31135624548293
9379,0.46102292748702062,0.46102292748702062,228.79283051414237
9380,0.45870929245652697,0.45870929245652697,229.32555695915144
9381,0.45647551031811029,0.45647551031811029,226.88385405741798
9382,0.45231453846362191,0.45231453846362191,223.5773271153374
9383,0.44670068574057398,0.44670068574057398,222.57148084558153
9384,0.44504754810779207,0.44504754810779207,220.268983614143
9385,0.44554076605400733,0.44554076605400733,224.24032136660898
9386,0.44605693571711463,0.44605693571711463,226.01280115053268
9387,0.44705910201054405,0.44705910201054405,223.81158820900504
9388,0.43087932843745397,0.43087932843745397,217.77068600184643
9389,0.44279004167078034,0.44279004167078034,224.13593197771601
9390,0.42952077469747996,0.42952077469747996,217.2816572775323
9391,0.43918811954325471,0.43918811954325471,221.97311433052738
9392,0.4436092568629893,0.4436092568629893,222.48913206917535
9393,0.43643715900253338,0.43643715900253338,219.29396017451035
9394,0.43901112335511394,0.43901112335511394,219.35001114966312
9395,0.44493207193702988,0.44493207193702988,222.74496411866113
9396,0.44381018076267909,0.44381018076267909,222.03479799068978
9397,0.44543058801759072,0.44543058801759072,222.96772978395083
9398,0.44252356131912995,0.44252356131912995,222.50913628900429
9399,0.44359579791402232,0.44359579791402232,222.24457362384706
9400,0.4453536517341174,0.4453536517341174,222.24278243875477
9401,0.44759676618493877,0.44759676618493877,223.97981758463888
9402,0.45186594863957624,0.45186594863957624,224.08052811981139
9403,0.43912613770913256,0.43912613770913256,220.69152936440804
9404,0.45007188415815003,0.45007188415815003,224.39764864155069
9405,0.44950716235691451,0.44950716235691451,224.99982586210899
9406,0.44710728406219891,0.44710728406219891,222.20658117126314
9407,0.45856919499493298,0.45856919499493298,227.50984474890623
9408,0.46562224216274328,0.46562224216274328,229.00091327900503
9409,0.4561784239608947,0.4561784239608947,225.99568392069833
9410,0.46107121096663695,0.46107121096663695,225.61682332468817
9411,0.46494088295575303,0.46494088295575303,227.42814821130446
9412,0.45438483434678051,0.45438483434678051,223.27447364016453
9413,0.45211177763101579,0.45211177763101579,223.72628182321779
9414,0.44727134836969507,0.44727134836969507,223.02145614864475
9415,0.45752070223320873,0.45752070223320873,224.99313948738791
9416,0.45019140493128595,0.45019140493128595,224.11722207134659
9417,0.45048512262873175,0.45048512262873175,224.32210865277776
9418,0.45711584682907463,0.45711584682907463,226.60617580138455
9419,0.44829838367502894,0.44829838367502894,223.13530718532428
9420,0.45521406299212608,0.45521406299212608,226.24202158462759
9421,0.45913127924478314,0.45913127924478314,226.72670925109074
9422,0.4614421869296953,0.4614421869296953,226.00927321181067
9423,0.45737213686812284,0.45737213686812284,225.78470929849155
9424,0.45251453289256405,0.45251453289256405,224.29481327861055
9425,0.44870767765131941,0.44870767765131941,222.33472676264918
9426,0.44836533456056704,0.44836533456056704,223.65164448016532
9427,0.44827259533519437,0.44827259533519437,223.52074166563315
9428,0.45315034213397976,0.45315034213397976,225.21026088179215
9429,0.45136197567010888,0.45136197567010888,225.62385149361245
9430,0.44375898654579632,0.44375898654579632,219.43349879910929
9431,0.45039444942914181,0.45039444942914181,223.01092272171906
9432,0.44488183710892015,0.44488183710892015,221.31718967924036
9433,0.44126197218424296,0.44126197218424296,219.53934513618688
9434,0.44765909764460715,0.44765909764460715,224.63384612506471
9435,0.44605013642222813,0.44605013642222813,221.84490733150636
9436,0.44447782023300653,0.44447782023300653,225.35729615252006
9437,0.44801831919499407,0.44801831919499407,225.30506189495659
9438,0.44863308129503315,0.44863308129503315,225.76077608870233
9439,0.45249648713649149,0.45249648713649149,224.88663414166004
9440,0.45306983886797159,0.45306983886797159,228.09173573447205
9441,0.45115406629416366,0.45115406629416366,226.95764776877346
9442,0.45429292572129654,0.45429292572129654,225.93776397254359
9443,0.44209715830557456,0.44209715830557456,221.71600358396481
9444,0.44242390965407452,0.44242390965407452,222.16671884644742
9445,0.4481265499172169,0.4481265499172169,222.87261871892059
9446,0.45046645043522265,0.45046645043522265,220.9666665714654
9447,0.4548409268687667,0.4548409268687667,226.33088689055762
9448,0.45328334879424598,0.45328334879424598,226.0423434335593
9449,0.4396423767824123,0.4396423767824123,219.80114814153231
9450,0.44027244953890116,0.44027244953890116,220.75139505261808
9451,0.44452543742679024,0.44452543742679024,223.72165875763835
9452,0.44409316415118727,0.44409316415118727,220.6000112793275
9453,0.45092417169595589,0.45092417169595589,224.66013655533939
9454,0.44915518577253877,0.44915518577253877,223.20177990800835
9455,0.44576456985190249,0.44576456985190249,221.98045968189223
9456,0.45191737405189486,0.45191737405189486,225.26550635517918
9457,0.45276385402650288,0.45276385402650288,225.42869871355188
9458,0.45696953038841331,0.45696953038841331,226.15554224841054
9459,0.45402696262943643,0.45402696262943643,225.6806310056117
9460,0.4484055035684088,0.4484055035684088,222.82236087275041
9461,0.44665685560619828,0.44665685560619828,220.92231557561567
9462,0.43632840217082747,0.43632840217082747,219.69433549631808
9463,0.45472957089191857,0.45472957089191857,226.30838972142956
9464,0.4446104907869648,0.4446104907869648,222.90550603932974
9465,0.44917163536555699,0.44917163536555699,223.02910388016113
9466,0.44558214357615383,0.44558214357615383,224.09244705409833
9467,0.44953819536989065,0.44953819536989065,223.95373278242738
9468,0.45252503848363157,0.45252503848363157,227.57840779731822
9469,0.45172869815482813,0.45172869815482813,223.46520491995483
9470,0.44758151672851643,0.44758151672851643,222.20771517360708
9471,0.44745468533569277,0.44745468533569277,223.55795667628513
9472,0.44627931455480924,0.44627931455480924,223.75827208423212
9473,0.43331504087097239,0.43331504087097239,217.76763056474402
9474,0.43881922871780965,0.43881922871780965,220.09290747282392
9475,0.45038977259133928,0.45038977259133928,221.49644894367742
9476,0.45299850484922227,0.45299850484922227,226.02384569147853
9477,0.45173119944511952,0.45173119944511952,223.43246573309551
9478,0.45508057836553062,0.45508057836553062,228.2683632963045
9479,0.4462438408419363,0.4462438408419363,223.22089654508642
9480,0.44767612188137978,0.44767612188137978,223.7748681435246
9481,0.43893749341269139,0.43893749341269139,220.26957558702898
9482,0.43386449747113065,0.43386449747113065,217.98487133201061
9483,0.43603598331995902,0.43603598331995902,220.99488392563399
9484,0.43452991825365767,0.43452991825365767,221.52609389063724
9485,0.4333366568901636,0.4333366568901636,220.19587022916753
9486,0.44100079950343529,0.44100079950343529,223.72891226681764
9487,0.43921355517260008,0.43921355517260008,222.50324235466502
9488,0.43047282743941856,0.43047282743941856,220.36325949852821
9489,0.44443990049266713,0.44443990049266713,224.04607694199362
9490,0.43297478138763468,0.43297478138763468,220.30146919202463
9491,0.43496497636171289,0.43496497636171289,220.84712967689785
9492,0.4325518098251675,0.4325518098251675,218.79593319040296
9493,0.43997545430948781,0.43997545430948781,221.19762629356782
9494,0.44914090840221987,0.44914090840221987,226.38626727790029
9495,0.43384556496134569,0.43384556496134569,218.8429628527534
9496,0.4308594298923224,0.4308594298923224,220.08681272622852
9497,0.43721386945368462,0.43721386945368462,221.52451266139647
9498,0.43362868078664335,0.43362868078664335,219.70999272728855
9499,0.43404053880522386,0.43404053880522386,220.26293228442836
9500,0.44115046799896857,0.44115046799896857,221.89268278002805
9501,0.44395242992601769,0.44395242992601769,221.99146212753573
9502,0.43559402016358223,0.43559402016358223,219.24663977815061
9503,0.43157045761701573,0.43157045761701573,220.28408501114214
9504,0.43460925166459391,0.43460925166459391,219.98961164076658
9505,0.43728492783422679,0.43728492783422679,221.28299540716699
9506,0.44184460718200375,0.44184460718200375,221.86512453545379
9507,0.44670969175325415,0.44670969175325415,224.12170001310196
9508,0.43756585953626309,0.43756585953626309,218.72775546842581
9509,0.45032787570600397,0.45032787570600397,224.77809154318805
9510,0.44319823989004081,0.44319823989004081,220.60784800203837
9511,0.44253087569088462,0.44253087569088462,220.09590963242658
9512,0.43541165480200367,0.43541165480200367,215.88294530494287
9513,0.45024379380078566,0.45024379380078566,222.49659869281027
9514,0.45140562647807692,0.45140562647807692,223.71713561511669
9515,0.44393811218896773,0.44393811218896773,219.38997601282921
9516,0.4499232574309609,0.4499232574309609,223.09481928975583
9517,0.44734148858564343,0.44734148858564343,224.34325128835013
9518,0.44922887315070492,0.44922887315070492,223.14359107738454
9519,0.45109190962611007,0.45109190962611007,222.97675097555975
9520,0.44609041093741036,0.44609041093741036,221.39281784401442
9521,0.44098375660991762,0.44098375660991762,219.49090004031027
9522,0.44599042296498553,0.44599042296498553,222.68106871537594
9523,0.44203503526606147,0.44203503526606147,221.96745014127137
9524,0.44283300324276925,0.44283300324276925,222.02556695441939
9525,0.43426497288369159,0.43426497288369159,217.43370972284052
9526,0.43168161917398118,0.43168161917398118,217.76839073490905
9527,0.43649076047885327,0.43649076047885327,217.33143543914608
9528,0.44084500685301309,0.44084500685301309,221.14457723490551
9529,0.43419829304049007,0.43419829304049007,218.29270440804453
9530,0.43359436851689431,0.43359436851689431,218.43767423877426
9531,0.43817359814080892,0.43817359814080892,218.84052239871852
9532,0.44055699442587815,0.44055699442587815,218.58862731534381
9533,0.43350011147214484,0.43350011147214484,220.25363339942288
9534,0.44626376207130125,0.44626376207130125,223.48253832419715
9535,0.44271604231024481,0.44271604231024481,219.84681918616315
9536,0.44516521966281541,0.44516521966281541,223.05119537625129
9537,0.44768901547240925,0.44768901547240925,222.51580797288062
9538,0.44294548666835054,0.44294548666835054,219.92638863182978
9539,0.43981012731128466,0.43981012731128466,219.09422010180856
9540,0.44570509025016358,0.44570509025016358,221.03725712820037
9541,0.4413433337160223,0.4413433337160223,220.69391084326213
9542,0.44843141529576674,0.44843141529576674,223.46569895201932
9543,0.44503881345245144,0.44503881345245144,222.4263203263136
9544,0.45014578810894534,0.45014578810894534,225.24550189034056
9545,0.44251329938259465,0.44251329938259465,221.02514749622111
9546,0.43909814092324029,0.43909814092324029,222.00179402373178
9547,0.44006683920390949,0.44006683920390949,221.9623907426616
9548,0.44307830203179499,0.44307830203179499,222.27486409551116
9549,0.4414950608555655,0.4414950608555655,223.77517441513936
9550,0.44790419732339293,0.44790419732339293,223.42039449977455
9551,0.44378061086729054,0.44378061086729054,221.52819075170919
9552,0.44228306718889199,0.44228306718889199,219.20580474989825
9553,0.4404519890446818,0.4404519890446818,220.92594910944945
9554,0.4465816925659169,0.4465816925659169,222.28201542882343
9555,0.44558772715070161,0.44558772715070161,224.35775894428366
9556,0.44121090727577039,0.44121090727577039,219.4140885635349
9557,0.45394732058703163,0.45394732058703163,227.25662774439462
9558,0.46043773908429497,0.46043773908429497,229.73088880741497
9559,0.45765258902953115,0.45765258902953115,225.88561835912802
9560,0.4566083656637579,0.4566083656637579,227.48165343030047
9561,0.45377678972601815,0.45377678972601815,225.38144205858208
9562,0.45915670921708118,0.45915670921708118,226.9056295843061
9563,0.45749209103021637,0.45749209103021637,225.88551870798292
9564,0.45729381438843741,0.45729381438843741,225.27479466977994
9565,0.44877467323872439,0.44877467323872439,222.47867556293468
9566,0.44990055380530769,0.44990055380530769,220.64322573085025
9567,0.45584973873627216,0.45584973873627216,225.94603733151661
9568,0.45387925490115555,0.45387925490115555,226.89039810425797
9569,0.45842409416460078,0.45842409416460078,226.09139137758547
9570,0.44422291658212815,0.44422291658212815,223.39921536253934
9571,0.4462815393947025,0.4462815393947025,222.80606822476443
9572,0.44603108371848171,0.44603108371848171,222.1269301142851
9573,0.44558814555466764,0.44558814555466764,224.46115446655813
9574,0.4395020867411043,0.4395020867411043,220.24211108628
9575,0.44172670591344287,0.44172670591344287,223.41546020946643
9576,0.44034101409721982,0.44034101409721982,220.69096719696844
9577,0.44246066079345658,0.44246066079345658,222.60882595871459
9578,0.4457528001726942,0.4457528001726942,224.04407406065894
9579,0.43951770312559224,0.43951770312559224,221.34634965817918
9580,0.43526862193092369,0.43526862193092369,219.93684141382988
9581,0.44513956914162334,0.44513956914162334,224.07094058396834
9582,0.44432421130711519,0.44432421130711519,221.40496120520524
9583,0.43972900954441541,0.43972900954441541,219.08534986278249
9584,0.44650891234983892,0.44650891234983892,223.38022511107243
9585,0.44770096204292831,0.44770096204292831,223.69197209432213
9586,0.44923021452614148,0.44923021452614148,224.19006683834613
9587,0.44740323830925527,0.44740323830925527,225.04624653829651
9588,0.45096152180533194,0.45096152180533194,222.99817660032085
9589,0.45356317187932255,0.45356317187932255,225.1905346987009
9590,0.45486127948863719,0.45486127948863719,225.52135524948775
9591,0.45221896729917815,0.45221896729917815,222.12820396116331
9592,0.44629844997672474,0.44629844997672474,221.77882292707972
9593,0.44668909046984184,0.44668909046984184,223.30255855174627
9594,0.44260145431032638,0.44260145431032638,221.85598375610226
9595,0.43817597170212397,0.43817597170212397,218.61863657612031
9596,0.43676427230276327,0.43676427230276327,216.85735208146843
9597,0.43818335887594106,0.43818335887594106,220.51515654076087
9598,0.44388882540708785,0.44388882540708785,224.40408675981001
9599,0.44464570805928155,0.44464570805928155,221.89198861381328
9600,0.44749209116436495,0.44749209116436495,223.68003587075572
9601,0.43867804737985577,0.43867804737985577,220.02412135074309
9602,0.44085457035477615,0.44085457035477615,219.58640856984553
9603,0.44157418092772727,0.44157418092772727,222.44321173644903
9604,0.44160491050015904,0.44160491050015904,223.30904198428181
9605,0.44205017887553977,0.44205017887553977,221.16102975270837
9606,0.44356808979477902,0.44356808979477902,221.5942027259062
9607,0.44477197632579146,0.44477197632579146,223.12868013024416
9608,0.4507756755666314,0.4507756755666314,224.65318374928393
9609,0.44453832118468223,0.44453832118468223,221.35638038177711
9610,0.44035294021761801,0.44035294021761801,219.38831956426947
9611,0.44356430772459438,0.44356430772459438,223.23261171019567
9612,0.43659118146217446,0.43659118146217446,218.937977223578
9613,0.43123950439089304,0.43123950439089304,218.30349663670995
9614,0.43852940199045964,0.43852940199045964,219.53413459168951
9615,0.42119284691062087,0.42119284691062087,212.34426636686857
9616,0.43585083441303613,0.43585083441303613,218.93828251994734
9617,0.43499875404252908,0.43499875404252908,220.53952231969697
9618,0.44477583809584981,0.44477583809584981,222.09120823808271
9619,0.44704727513334436,0.44704727513334436,223.65540069214802
9620,0.44440483948557119,0.44440483948557119,221.8972061911627
9621,0.45094400738075507,0.45094400738075507,223.71244631278347
9622,0.44716709957743533,0.44716709957743533,223.66964634123036
9623,0.44275797026137775,0.44275797026137775,221.65042269740349
9624,0.44544698636782093,0.44544698636782093,224.25036334808851
9625,0.43999165669464341,0.43999165669464341,218.63366807787898
9626,0.43786353461079203,0.43786353461079203,220.75318550311835
9627,0.44318763704583314,0.44318763704583314,222.72416118263681
9628,0.44097741755127895,0.44097741755127895,222.53167360285192
9629,0.44064262549999456,0.44064262549999456,219.85469483765533
9630,0.44452478889411429,0.44452478889411429,223.1223941172405
9631,0.44453551047441203,0.44453551047441203,223.38750721665821
9632,0.44016176963989151,0.44016176963989151,220.27461742610382
9633,0.438854091708483,0.438854091708483,219.36021490218045
9634,0.44433912619598581,0.44433912619598581,222.22397104059581
9635,0.44242964352455544,0.44242964352455544,221.27087847198237
9636,0.44236122496122954,0.44236122496122954,222.36599864723621
9637,0.43307355378287904,0.43307355378287904,217.91362010949553
9638,0.43581735301978214,0.43581735301978214,219.56935002006267
9639,0.44664768684092104,0.44664768684092104,224.81736889426543
9640,0.44294694494896297,0.44294694494896297,222.17148716096409
9641,0.44330585372923642,0.44330585372923642,222.59861373157642
9642,0.43616749329578725,0.43616749329578725,219.27950246645113
9643,0.43245436736614906,0.43245436736614906,217.65777625777122
9644,0.4399135056685532,0.4399135056685532,220.66564653380004
9645,0.43649467839915934,0.43649467839915934,221.08297270992489
9646,0.43280973327527328,0.43280973327527328,217.40165405071997
9647,0.42969393566892916,0.42969393566892916,217.02207364907773
9648,0.43774001810261548,0.43774001810261548,219.37952932579014
9649,0.42952734117832553,0.42952734117832553,217.28622636979327
9650,0.4282036514691871,0.4282036514691871,215.94765035660799
9651,0.43580416329293115,0.43580416329293115,218.67615005058974
9652,0.44082928159760099,0.44082928159760099,221.31746371660901
9653,0.43639463982641302,0.43639463982641302,219.11913682053105
9654,0.4427346108268071,0.4427346108268071,219.46535318536317
9655,0.43724736786521212,0.43724736786521212,217.85138972290179
9656,0.42722144080835356,0.42722144080835356,216.3760864834976
9657,0.44124318496837622,0.44124318496837622,219.55369315551275
9658,0.44729911375735754,0.44729911375735754,222.05009539897679
9659,0.44897860883415425,0.44897860883415425,224.57037491638749
9660,0.44848712775038757,0.44848712775038757,223.05158002379025
9661,0.44956747513245399,0.44956747513245399,222.47707643726548
9662,0.45121506860314248,0.45121506860314248,225.75945313243656
9663,0.44596906251966911,0.44596906251966911,223.31018079492506
9664,0.4391271321139204,0.4391271321139204,219.65740655789631
9665,0.43206240316820993,0.43206240316820993,218.10194224113221
9666,0.43540193478944228,0.43540193478944228,218.96306291541836
9667,0.42679655142236117,0.42679655142236117,215.54278117143863
9668,0.44068752880131717,0.44068752880131717,221.45006015055827
9669,0.43144931093799721,0.43144931093799721,216.85923340625831
9670,0.4319829558351766,0.4319829558351766,216.36136963423687
9671,0.43924274425440951,0.43924274425440951,221.96702230370829
9672,0.42955916246441939,0.42955916246441939,217.77240223340169
9673,0.43443225594033902,0.43443225594033902,218.59814536992394
9674,0.44089979986829642,0.44089979986829642,222.00607020272406
9675,0.44369799283647976,0.44369799283647976,222.80273142261535
9676,0.43029899016294737,0.43029899016294737,217.86367295307181
9677,0.42800418114186439,0.42800418114186439,216.45484093115175
9678,0.44277278606355308,0.44277278606355308,222.13428908982524
9679,0.43400507224287832,0.43400507224287832,218.81254371103736
9680,0.44233631668051576,0.44233631668051576,221.41983603545873
9681,0.43381902236963105,0.43381902236963105,216.6256919098856
9682,0.44400318463861305,0.44400318463861305,221.92409760889996
9683,0.43887552802922974,0.43887552802922974,220.02556380811137
9684,0.44605652281664349,0.44605652281664349,222.64450865790673
9685,0.43432292531169503,0.43432292531169503,219.14284734694678
9686,0.44894497071999007,0.44894497071999007,223.58094296352229
9687,0.44458936577706598,0.44458936577706598,223.78098532740449
9688,0.44674878861333828,0.44674878861333828,223.65523839777583
9689,0.44710504496605202,0.44710504496605202,222.41437291743688
9690,0.44651365024239081,0.44651365024239081,223.46775216625974
9691,0.44155988958920361,0.44155988958920361,222.18510313541546
9692,0.43956108567317181,0.43956108567317181,221.06608884133487
9693,0.44177544329508345,0.44177544329508345,222.74372264069831
9694,0.43631614121066437,0.43631614121066437,219.38799891444114
9695,0.43402640492872574,0.43402640492872574,220.11955584378489
9696,0.4388121407286471,0.4388121407286471,219.36828507060403
9697,0.44872311601742776,0.44872311601742776,225.11516882626174
9698,0.44223867461731131,0.44223867461731131,222.09047236545638
9699,0.44391634270621383,0.44391634270621383,221.99610147609533
9700,0.44157948396251784,0.44157948396251784,219.80808095922188
9701,0.44648440593563798,0.44648440593563798,222.6780933139452
9702,0.44288174716613715,0.44288174716613715,223.12805854613799
9703,0.44908440114891263,0.44908440114891263,224.68720872884779
9704,0.44237510206423647,0.44237510206423647,222.5568289856015
9705,0.44215080851222766,0.44215080851222766,223.39235591541382
9706,0.44366685650886195,0.44366685650886195,223.2971752942517
9707,0.44498954818363978,0.44498954818363978,222.03599642018344
9708,0.44964599295134422,0.44964599295134422,223.2170352603558
9709,0.45145319123662242,0.45145319123662242,222.70653834056515
9710,0.4449972464494249,0.4449972464494249,222.95317188996188
9711,0.44691652273003701,0.44691652273003701,224.22553398096775
9712,0.45191058998280137,0.45191058998280137,223.96512168108535
9713,0.44924130504314908,0.44924130504314908,223.1860452042842
9714,0.44360420389579974,0.44360420389579974,222.72917301595135
9715,0.44276771970643247,0.44276771970643247,222.12883051609487
9716,0.44559936903584563,0.44559936903584563,222.30291650762351
9717,0.44909013940961745,0.44909013940961745,225.09955738830436
9718,0.45754365030618427,0.45754365030618427,227.396386440974
9719,0.44604501275347408,0.44604501275347408,223.49493708880399
9720,0.45531090722975598,0.45531090722975598,227.26600410536162
9721,0.44676877325408348,0.44676877325408348,221.5641190623507
9722,0.45249532584882257,0.45249532584882257,225.03186879653003
9723,0.44654497417042194,0.44654497417042194,225.14720218214626
9724,0.44790489043950571,0.44790489043950571,220.59386817863705
9725,0.45662801775574041,0.45662801775574041,225.14562005159718
9726,0.45424603452525469,0.45424603452525469,223.85514160593374
9727,0.44780851848712278,0.44780851848712278,221.84110171036568
9728,0.45311468599305815,0.45311468599305815,224.44824020588527
9729,0.44685739141030451,0.44685739141030451,221.75736916678343
9730,0.45252316862941688,0.45252316862941688,224.23680187495091
9731,0.44388490578954121,0.44388490578954121,222.28014845112119
9732,0.45003791617642791,0.45003791617642791,222.70831655176124
9733,0.44535176977556346,0.44535176977556346,218.82424520765321
9734,0.45598655230220081,0.45598655230220081,223.53279137801064
9735,0.45353390139609406,0.45353390139609406,225.81281367545154
9736,0.45012520361895375,0.45012520361895375,222.61404812757436
9737,0.44878893186800617,0.44878893186800617,221.22391401453712
9738,0.44618010847222883,0.44618010847222883,220.13344642075862
9739,0.4408792131565592,0.4408792131565592,220.64888660176152
9740,0.43954545493154118,0.43954545493154118,220.39317519118177
9741,0.43683079617603837,0.43683079617603837,218.19148658874775
9742,0.43918773767936231,0.43918773767936231,221.05831634443956
9743,0.45033774195209925,0.45033774195209925,224.81398564579422
9744,0.44091967815984379,0.44091967815984379,221.5669267031943
9745,0.45162516592169355,0.45162516592169355,224.57547244552393
9746,0.44187738160478601,0.44187738160478601,218.91238136086309
9747,0.45592635927206038,0.45592635927206038,225.26386368585548
9748,0.45593136378784366,0.45593136378784366,226.93054662717046
9749,0.4510967345353894,0.4510967345353894,222.51330495341784
9750,0.45345431087394178,0.45345431087394178,224.53968756911564
9751,0.44373755036984913,0.44373755036984913,220.81754084055464
9752,0.45275855322872866,0.45275855322872866,226.64447227308113
9753,0.44384077198531074,0.44384077198531074,222.79847935426636
9754,0.44052553424675639,0.44052553424675639,220.37873292713135
9755,0.44086220657386194,0.44086220657386194,220.13790888542113
9756,0.44113927508456985,0.44113927508456985,222.16969145175489
9757,0.43547437518505738,0.43547437518505738,218.65567631256263
9758,0.44552167373908957,0.44552167373908957,222.60664260219551
9759,0.44616441327672218,0.44616441327672218,223.59784268213684
9760,0.44930559066829262,0.44930559066829262,224.2850804769279
9761,0.44232147139760636,0.44232147139760636,222.66020384244786
9762,0.45568829370136632,0.45568829370136632,226.07103611360307
9763,0.45294228954182608,0.45294228954182608,225.36975814830333
9764,0.4563907124639216,0.4563907124639216,226.49629592343928
9765,0.46203504314043731,0.46203504314043731,228.64853323349854
9766,0.46083819150410166,0.46083819150410166,228.51715075971424
9767,0.44681946949640505,0.44681946949640505,221.54062574805684
9768,0.45234156275533871,0.45234156275533871,225.90997434918808
9769,0.45168352008441659,0.45168352008441659,224.46732258538728
9770,0.45149248023447558,0.45149248023447558,226.46798510049319
9771,0.4504545620479391,0.4504545620479391,223.00651210430379
9772,0.44761805022939383,0.44761805022939383,222.79031024290703
9773,0.45196948256172609,0.45196948256172609,222.87078998284795
9774,0.46482854872173329,0.46482854872173329,229.7638676572773
9775,0.4509076288227532,0.4509076288227532,221.71364096085077
9776,0.46224299566179583,0.46224299566179583,230.0284958998478
9777,0.46025684467096351,0.46025684467096351,228.26447329869183
9778,0.44775664933467108,0.44775664933467108,224.81224634962527
9779,0.44871475107425096,0.44871475107425096,223.85782982153052
9780,0.44753558878455096,0.44753558878455096,223.86887475885024
9781,0.44598299495863702,0.44598299495863702,219.92990968691942
9782,0.45441420602145605,0.45441420602145605,226.36975032767609
9783,0.46309163805123343,0.46309163805123343,229.05107127708615
9784,0.45234515794301861,0.45234515794301861,224.45352887435894
9785,0.4504832740193877,0.4504832740193877,223.33629854327819
9786,0.45301603433002063,0.45301603433002063,225.60974073906505
9787,0.45825449623068887,0.45825449623068887,231.77084231608538
9788,0.4543294568525128,0.4543294568525128,226.88941949647156
9789,0.45620666303857804,0.45620666303857804,227.13155193790243
9790,0.45207846746772817,0.45207846746772817,225.03533002938184
9791,0.45251633935930391,0.45251633935930391,223.77022250866739
9792,0.4622293614971178,0.4622293614971178,228.38878844212422
9793,0.45732700585579888,0.45732700585579888,227.12992709415357
9794,0.46183907317282663,0.46183907317282663,230.18414960462854
9795,0.45420738699576918,0.45420738699576918,221.92359962017912
9796,0.44948660720212885,0.44948660720212885,224.98379736120233
9797,0.43952503595947146,0.43952503595947146,222.70434339888934
9798,0.45003394860813478,0.45003394860813478,225.32939124972799
9799,0.44851489142960299,0.44851489142960299,226.05028244575732
9800,0.45155238557499844,0.45155238557499844,225.93436476493849
9801,0.45138617809068515,0.45138617809068515,226.19601605520634
9802,0.45453150121306185,0.45453150121306185,226.51058335937
9803,0.4499044493747606,0.4499044493747606,225.93493266903039
9804,0.45875246638624567,0.45875246638624567,227.43512188396153
9805,0.46122344920321784,0.46122344920321784,229.02548215589826
9806,0.45597945838699827,0.45597945838699827,226.44439748934124
9807,0.44895717299685878,0.44895717299685878,222.8369030448751
9808,0.44988630027056209,0.44988630027056209,226.04034821699233
9809,0.43890916407460984,0.43890916407460984,221.95546884687141
9810,0.43449507069221205,0.43449507069221205,220.13604917335843
9811,0.43763816575419073,0.43763816575419073,220.94224426015518
9812,0.44459204090665166,0.44459204090665166,223.80161331727436
9813,0.44449312007360486,0.44449312007360486,220.91142849994077
9814,0.45059641063811845,0.45059641063811845,226.2896701795465
9815,0.44620749479825805,0.44620749479825805,224.40423266107427
9816,0.44940579376455336,0.44940579376455336,222.53590213381258
9817,0.44003982051411716,0.44003982051411716,219.71949299879088
9818,0.4527877254682191,0.4527877254682191,226.48190839613807
9819,0.44047977671655386,0.44047977671655386,221.12844723996687
9820,0.44946071034443225,0.44946071034443225,226.78683124228345
9821,0.43866985088827948,0.43866985088827948,219.16764315085487
9822,0.43897375409158645,0.43897375409158645,221.16422085376726
9823,0.44517397987289253,0.44517397987289253,222.41509901578257
9824,0.43991425359608982,0.43991425359608982,221.74769728825063
9825,0.44726464042896125,0.44726464042896125,223.57427338987722
9826,0.44306694665524538,0.44306694665524538,220.42243096185021
9827,0.44114274195009973,0.44114274195009973,222.09455538964585
9828,0.43165209222027423,0.43165209222027423,217.66244952754124
9829,0.44619513208345768,0.44619513208345768,223.28001195279575
9830,0.44500584233310192,0.44500584233310192,220.57885766570718
9831,0.43940461047799451,0.43940461047799451,223.43795696084322
9832,0.44222973126537279,0.44222973126537279,222.48036774692568
9833,0.44616149192133081,0.44616149192133081,223.84358082226839
9834,0.4464698797017036,0.4464698797017036,224.75537292716908
9835,0.43560179004244165,0.43560179004244165,219.85171785919943
9836,0.44053688589347334,0.44053688589347334,220.04247291811757
9837,0.44458605508211307,0.44458605508211307,223.9017631527085
9838,0.44893837746198606,0.44893837746198606,225.37690549976077
9839,0.45345284946173281,0.45345284946173281,228.96638674721621
9840,0.45538621415727593,0.45538621415727593,228.53759935727444
9841,0.45636956872526707,0.45636956872526707,226.95582001530639
9842,0.44971119094850359,0.44971119094850359,222.59849960107016
9843,0.4646148282010919,0.4646148282010919,230.49362274072968
9844,0.45168099242143167,0.45168099242143167,226.49085974109099
9845,0.4540670468873893,0.4540670468873893,227.41289687747241
9846,0.45057088428718711,0.45057088428718711,223.57485520844676
9847,0.45092845514711916,0.45092845514711916,226.56252341313379
9848,0.45371620174042465,0.45371620174042465,226.94222814854956
9849,0.45377950226091163,0.45377950226091163,228.2735182807408
9850,0.45481941591236408,0.45481941591236408,226.13704406546404
9851,0.44030036962184427,0.44030036962184427,220.28204888625675
9852,0.45670172865227582,0.45670172865227582,227.3133908456532
9853,0.44893780987639798,0.44893780987639798,226.20203903508201
9854,0.44554695349283274,0.44554695349283274,223.79617383989361
9855,0.4533930564879351,0.4533930564879351,227.28059095579229
9856,0.44629670715682251,0.44629670715682251,223.09793485079589
9857,0.44930192928088675,0.44930192928088675,225.48191285764659
9858,0.45559358049413146,0.45559358049413146,225.68249192626223
9859,0.44504436443246737,0.44504436443246737,223.39538172306101
9860,0.44777048543051601,0.44777048543051601,222.40000256238517
9861,0.45155816807293014,0.45155816807293014,225.48395926894008
9862,0.44093495829355345,0.44093495829355345,222.15522592210817
9863,0.44119309955705388,0.44119309955705388,222.43715782009281
9864,0.45258905905481794,0.45258905905481794,224.17323498552864
9865,0.45730205386820533,0.45730205386820533,228.89806876109819
9866,0.45976149394598204,0.45976149394598204,228.78554794856146
9867,0.45103760419547123,0.45103760419547123,224.98529806361847
9868,0.46221579548070951,0.46221579548070951,227.5755429028678
9869,0.4592839310239058,0.4592839310239058,226.59116229871643
9870,0.45080860740200712,0.45080860740200712,226.53922604740455
9871,0.4534815526790828,0.4534815526790828,227.19361280024404
9872,0.45887251732777373,0.45887251732777373,227.72180898789355
9873,0.43795866656808247,0.43795866656808247,217.62874562711585
9874,0.4535311804402965,0.4535311804402965,227.37984256305776
9875,0.46032720867582666,0.46032720867582666,227.84224975741751
9876,0.45391367607166855,0.45391367607166855,224.21142652612025
9877,0.45524019452028758,0.45524019452028758,221.81654420298136
9878,0.4542832461560608,0.4542832461560608,227.87910054080649
9879,0.45398195290285825,0.45398195290285825,227.96895635193505
9880,0.45900407074739286,0.45900407074739286,227.94273140078576
9881,0.45328576196727283,0.45328576196727283,226.35263628866301
9882,0.44059298004065728,0.44059298004065728,219.32875161660286
9883,0.45352781256126995,0.45352781256126995,225.15092182576345
9884,0.45263049745836259,0.45263049745836259,224.37421819856121
9885,0.44037722224112741,0.44037722224112741,221.42149658028538
9886,0.45358395174519817,0.45358395174519817,223.86050983877689
9887,0.45441280691271835,0.45441280691271835,222.66910781749965
9888,0.45580070131539879,0.45580070131539879,227.96948788355877
9889,0.45856678140421481,0.45856678140421481,227.22666187749951
9890,0.43878680510201012,0.43878680510201012,218.08755103120666
9891,0.44520012048274554,0.44520012048274554,221.60265716079485
9892,0.44758933372898702,0.44758933372898702,225.33256020826676
9893,0.45930708666554382,0.45930708666554382,229.94064813827444
9894,0.444223854267491,0.444223854267491,221.48235003814776
9895,0.45534384576090459,0.45534384576090459,225.85143754723217
9896,0.45189198708912193,0.45189198708912193,227.26197378676684
9897,0.45240552844086979,0.45240552844086979,226.46941105375018
9898,0.4472901534437087,0.4472901534437087,224.75790713540565
9899,0.4538178274002278,0.4538178274002278,226.64063258513647
9900,0.45262602720230094,0.45262602720230094,227.14453660630738
9901,0.44282876570791563,0.44282876570791563,221.03070465658863
9902,0.44509454419125855,0.44509454419125855,222.55714345188525
9903,0.44892672664925276,0.44892672664925276,222.35360177015542
9904,0.45993131391453429,0.45993131391453429,228.92967031576208
9905,0.45796861324459809,0.45796861324459809,228.06582702313329
9906,0.4559131196138857,0.4559131196138857,227.46311465743946
9907,0.46042186559539261,0.46042186559539261,226.24483766364656
9908,0.45278554540233362,0.45278554540233362,227.28232376519372
9909,0.4535462082074101,0.4535462082074101,228.44664915557783
9910,0.45554378173702725,0.45554378173702725,227.84756676144721
9911,0.45810494768120369,0.45810494768120369,227.91116324412559
9912,0.44494549637895886,0.44494549637895886,222.35346600158124
9913,0.45123703957360017,0.45123703957360017,227.98510154340178
9914,0.44434869413893169,0.44434869413893169,226.72216001182215
9915,0.44413743367235564,0.44413743367235564,222.86827252224248
9916,0.44677971228868874,0.44677971228868874,228.27680661740706
9917,0.44880735542506933,0.44880735542506933,225.68015207802347
9918,0.44569326237327622,0.44569326237327622,224.50577649328611
9919,0.44614131466930845,0.44614131466930845,223.51558717774842
9920,0.4513361917114932,0.4513361917114932,225.73470280398345
9921,0.43989552479652805,0.43989552479652805,223.73668985701542
9922,0.44302347797400732,0.44302347797400732,223.376393028461
9923,0.43637973592182683,0.43637973592182683,221.84216102023146
9924,0.45051691671321786,0.45051691671321786,226.70388575501329
9925,0.45096352923527211,0.45096352923527211,225.68947849714431
9926,0.44912832197206465,0.44912832197206465,223.41730553814651
9927,0.45985536532953414,0.45985536532953414,228.97513981549719
9928,0.43207906647138633,0.43207906647138633,216.57108095881944
9929,0.44566179337501266,0.44566179337501266,226.01217241298247
9930,0.45650512168171742,0.45650512168171742,226.68096515689018
9931,0.45937572442742419,0.45937572442742419,228.19203772068894
9932,0.45673702782772702,0.45673702782772702,226.99546368959145
9933,0.45039686790514039,0.45039686790514039,224.71550740549841
9934,0.45655903607169313,0.45655903607169313,227.69443140189986
9935,0.45015630468469608,0.45015630468469608,225.42950261372485
9936,0.4552336962082778,0.4552336962082778,227.97827247787285
9937,0.44947553464535916,0.44947553464535916,222.93682287731599
9938,0.44760545546304104,0.44760545546304104,222.87022093943187
9939,0.45107900268952639,0.45107900268952639,224.05969158863883
9940,0.45692822887877549,0.45692822887877549,227.3382795393789
9941,0.45032432904045228,0.45032432904045228,225.23486506900514
9942,0.4539810700583457,0.4539810700583457,225.64946804050277
9943,0.45944916509078604,0.45944916509078604,227.94961130011524
9944,0.4471628678549483,0.4471628678549483,225.30719351233157
9945,0.43441644678144203,0.43441644678144203,220.11927983254699
9946,0.44885275930480678,0.44885275930480678,225.95684173680053
9947,0.44017964517995578,0.44017964517995578,220.33513875960057
9948,0.45346499221456893,0.45346499221456893,227.36829799823968
9949,0.44727107682050155,0.44727107682050155,224.364669962786
9950,0.44740585994241444,0.44740585994241444,224.20300274404249
9951,0.4554528866756874,0.4554528866756874,227.61649261940971
9952,0.447510779580791,0.447510779580791,222.66195944986572
9953,0.44442343479563134,0.44442343479563134,224.06286758757764
9954,0.43874219216900212,0.43874219216900212,220.38982984013879
9955,0.44506382793935551,0.44506382793935551,224.80220560179114
9956,0.44780027230304259,0.44780027230304259,224.37808294447436
9957,0.4447206823541846,0.4447206823541846,224.67747056815256
9958,0.44812139113377675,0.44812139113377675,224.97989885784386
9959,0.44338457132471565,0.44338457132471565,225.05871055650476
9960,0.44567311404469201,0.44567311404469201,225.2385117575497
9961,0.44008079027112917,0.44008079027112917,222.26828403616082
9962,0.4466326992651008,0.4466326992651008,226.75863774336216
9963,0.45096230420861005,0.45096230420861005,226.3396666113656
9964,0.44643866563260903,0.44643866563260903,225.31510850727346
9965,0.4445966498745027,0.4445966498745027,223.30107609079309
9966,0.44232041673605871,0.44232041673605871,222.45754015390884
9967,0.44025211471357151,0.44025211471357151,222.17430130556559
9968,0.44472044314405929,0.44472044314405929,223.42037289035429
9969,0.44932413498902168,0.44932413498902168,224.96993201069102
9970,0.45098460856121803,0.45098460856121803,224.99274706631724
9971,0.44597687366447952,0.44597687366447952,222.51104341338569
9972,0.45594469135635557,0.45594469135635557,227.36484302122102
9973,0.45456582563109577,0.45456582563109577,227.00949762037308
9974,0.45662430595921721,0.45662430595921721,226.23600961960284
9975,0.45498989668820844,0.45498989668820844,226.95850448982455
9976,0.44836965713687499,0.44836965713687499,224.86712206322417
9977,0.45136344894003599,0.45136344894003599,224.61791781337078
9978,0.44584194854445591,0.44584194854445591,223.51141397590771
9979,0.43837855883834598,0.43837855883834598,222.30613230543901
9980,0.45444162574214103,0.45444162574214103,226.70847103154853
9981,0.45341403207259851,0.45341403207259851,226.36926794623983
9982,0.46079623674719788,0.46079623674719788,229.32768871974389
9983,0.45738801771084592,0.45738801771084592,228.19938663352895
9984,0.44590633749986958,0.44590633749986958,219.67364633550056
9985,0.4543993179731089,0.4543993179731089,226.46622663068985
9986,0.46164529204508142,0.46164529204508142,225.71446125679904
9987,0.45982552688500944,0.45982552688500944,229.2862267323149
9988,0.46233727891265169,0.46233727891265169,227.99325902972342
9989,0.45965955231710093,0.45965955231710093,226.74890623103283
9990,0.45241819002231143,0.45241819002231143,225.8418953568476
9991,0.462977876424016,0.462977876424016,229.59213779455118
9992,0.46049903155592153,0.46049903155592153,227.09763936754675
9993,0.45996208539732147,0.45996208539732147,225.9391113565693
9994,0.45032581927356474,0.45032581927356474,222.7032823189079
9995,0.4582260204035209,0.4582260204035209,226.37193125801286
9996,0.45698195090583205,0.45698195090583205,225.7671688874982
9997,0.45567363143570017,0.45567363143570017,225.69324887615215
9998,0.45902424471389469,0.45902424471389469,225.40604655962753
9999,0.45910299334898619,0.45910299334898619,227.03393802271904
